8342021680.446203
8378748965.881449
8349607149.089737
8370101850.690692
8332353244.013493
8368561537.6224165
8337006840.646875
8341615810.813574
8343978228.918297
8375572689.316757
8328382164.341007
8358278224.391761
8364657470.929759
8102442527.192714
8375590801.470033
8286180697.998648
8339274640.89328
8406890942.215554
8337354794.242723
8338811605.0783825
8312230382.884807
8351705989.519067
8361191033.526001
8336666848.540527
8302178539.318577
8349689530.130407
8359805542.979254
8355935899.907488
8291654304.571836
8352158490.165308
8327406296.681244
8324847051.344402
8378893555.341798
8370098643.745169
8325429457.158989
8336325747.475221
8366727442.200975
8333757531.7532
8329955119.929638
8333253180.184748
