8366951420.135516
8365349006.726019
8345273494.402809
8148034384.238955
8396568562.503382
8247844131.490143
8120114352.424171
8348071089.703075
8380130120.740917
8362955530.2621975
8333691408.300628
8351129966.953693
8371855604.330988
8365464032.921148
8347746235.149016
8337661640.001274
8342336540.680418
8344633376.179016
8312068315.40266
8310344284.795749
8309391173.106224
8371904498.929437
8375724723.614248
8328021161.242935
8345987912.245966
8276158500.94318
8259269663.833511
8341007800.668467
8354548642.7235775
8303200133.154122
8367249167.494085
8345251272.807508
8335992795.607153
8259764565.766765
8305748273.258356
8345902293.817841
8237659275.256186
8318890283.408316
8092468396.191294
8338864269.249777
8256104222.935469
8331699785.565451
8264587757.025637
8324979218.612195
8356109820.203148
8311082914.477886
8299426483.350512
8128554426.415469
8370874710.895468
8290184944.987665
8319024024.003726
8340680108.238068
8235959181.834019
8368590930.948761
8316906062.8605995
8364546529.791339
8297719736.176529
8266814338.1817875
8340766666.553324
8273698850.422499
8374601268.877708
8340816017.264793
8307845382.569185
8280229284.559528
8229561029.713733
8375325787.966671
8246732382.950973
8272317657.956357
8357190936.466925
8390673540.539598
8081149460.83959
8168013377.829817
8352347003.467344
8324714354.739754
8365838552.257196
8359960491.447607
8316506079.651138
