8333602570.006799
8346305465.212002
8360483434.666485
8289168266.632765
8325460277.000553
8342021680.446203
8348771969.030729
8343843954.451294
8337931089.230452
8361343520.146414
8336361154.48583
8369129337.335611
8268940821.318327
8134522278.212811
8337333421.990867
8314242139.776068
8296739054.575022
8336484584.673332
8345219865.393188
8337852072.188433
8380342727.138004
8323746638.15965
8396624078.948746
8342919053.079918
8380399779.703417
8390366229.017649
8367650855.594744
8385725569.903645
8378748965.881449
8261851775.36998
8345949015.990961
8364241183.562819
8331541458.674778
8373102131.102236
8303286650.165838
8218449822.322866
8278758858.1441765
8359025972.625154
8325034237.474922
8254699194.446173
8330558255.780003
8319040835.895885
8377855812.335456
8296852124.057983
8352501703.514517
8310386393.958084
8349332543.307127
8339161150.919506
8329614182.008741
8345903902.3619375
8363195657.936186
8300084484.194054
8377088694.376158
8312439204.426487
8293686605.438396
8319355962.901508
8312635234.875299
8367366552.620991
8349607149.089737
8271655710.684717
8250394149.691009
8343851315.722211
8356329451.134916
8371192876.7814045
8360071793.239447
8317626336.604437
8352644264.2017765
8353826725.580687
8370101850.690692
8351822210.433665
8349743481.504106
8332353244.013493
8361974283.786804
8323679971.1526375
8372244581.030994
8373512117.835591
8360097299.198039
8361246955.661586
8361029693.577765
8375371917.116201
8386801225.226988
8344219570.066709
8355219051.71426
8348243480.939465
8386173189.796395
8376571072.199223
8368561537.6224165
8170529195.900159
8345790739.033342
8337006840.646875
8338806135.811238
8391945846.464504
8389628068.12902
8371097868.139355
8226428086.272676
8359609617.69949
8317783888.445705
8381697779.003197
8363202907.101673
8342356406.902855
8346066772.772492
8335012454.759028
8341615810.813574
8343978228.918297
8345385615.068405
8323365238.17435
8348922471.3068695
8339192998.441457
8318956185.047958
8359508698.425917
8302956517.444442
8279819529.786686
8302422155.5546
8321982647.068705
8336603849.293226
8390127412.172977
8375572689.316757
8367735010.92444
8270585735.949511
8410802643.359483
8384475581.473845
8340533053.4906435
8355973941.001005
8312913384.182492
8332895459.475946
8264957562.55578
8290508669.971752
8348555247.602363
8361433769.767361
8334693383.307468
8385227573.293966
8358866015.027855
8317979817.994022
8315367087.846928
8336786743.539085
8311568978.229645
8363330641.080536
8351478067.26589
8328382164.341007
8356404569.009861
8244270178.291185
8354810905.400969
8314017324.287394
8358278224.391761
8338818945.132304
8320060586.8682995
8329595915.641111
8347059291.116958
8345003373.066072
8159541902.321986
8364657470.929759
8359854057.193902
8316154737.069086
8294393561.4105
8359876624.393579
8312689514.965437
8102442527.192714
8382867195.413216
8351009546.25639
8332845188.913015
8364680068.63471
8339511448.729539
8349043699.150589
8304901206.513212
8320553703.628655
8357029884.827822
8359535818.097205
8353408427.967221
8259872078.76132
8348230641.008369
8296636444.339223
8363227648.250761
8346987870.290033
8372552442.43788
8363999372.760548
8313892654.859576
8300957607.606567
8350094851.737728
8353677395.462404
8273288326.671373
8372479882.683876
8347906511.351648
8350533020.473309
8362569765.038036
8347144358.098008
8307509302.381743
8321451670.840929
8323582940.72401
8308192218.671605
8345205769.152082
8366494628.8825655
8290068790.126287
8393149755.232537
8363808964.944729
8323195214.147389
8315673756.296459
8242973039.352558
8331407854.654614
8262119493.344387
8375590801.470033
8362048510.466492
8357803978.648935
8355534699.342579
8369831724.030652
8286180697.998648
8322905019.072132
8371163373.404433
8336942853.018438
8375081337.446786
8357093594.051875
8368328626.750023
8383372404.230304
8339274640.89328
8349904874.514418
8406890942.215554
8322849743.544006
8378708948.407419
8360833696.46592
8316209469.9579735
8325969796.306686
8367655011.064166
8386570587.739251
8353747459.926568
8298608689.08167
8339099285.906857
8337354794.242723
8355303827.245018
8378114554.42846
8387811183.549392
8282660151.032568
8337041870.388325
8330088972.031546
8332677908.452436
8325591000.822163
8351748978.280045
8380497505.047273
8344708063.882502
8237559284.982931
8345217052.349529
8314800821.716291
8307766311.642342
8357695581.908478
8391819151.861938
8319781827.952781
8342505826.393508
8338811605.0783825
8325977999.13619
8349087906.523846
8385125441.331009
8327733041.623625
8351887157.740708
8337779401.996946
8377406199.560098
8359789181.947056
8364815906.779861
8398097624.010025
8368144345.783352
8263278464.829268
8312230382.884807
8291081373.501478
8306206855.773649
8337176666.104964
8331365084.229406
8335171271.68444
8356505919.959646
8365216877.30287
8351705989.519067
8320299011.009838
8301177596.86606
8380073290.838048
8349169500.763142
8361191033.526001
8315731095.45233
8341921978.330321
8286591172.403633
8341906872.312016
8336666848.540527
8322488501.994023
8309701858.037713
8347696673.9152565
8340683080.936534
8235396632.39464
8344727431.813926
8384672989.841753
8157607997.441175
8336973887.631656
8320145062.148488
8383234917.848528
8302178539.318577
8355254675.824256
8318945208.201954
8328531303.145882
8326832229.416029
8343660695.47812
8397285261.124124
8370546868.479294
8349689530.130407
8352315750.861643
8187139865.753674
8359805542.979254
8394750928.575406
8322849026.010885
8370065275.78064
8266543942.704279
8322327142.2349825
8295817504.241234
8355515371.99357
8359105469.351625
8371971951.791632
8342679366.56637
8386469491.2171755
8279426865.157612
8387612032.363583
8304730937.075764
8294720553.490213
8355935899.907488
8338337432.71006
8332720144.976295
8309528272.43944
8369616925.484061
8345237761.097821
8348190108.534351
8363553897.2858095
8296535927.167092
8335774203.579585
8291654304.571836
8329893555.862175
8331134247.492546
8333229911.122932
8355547714.840818
8340965342.254772
8326427878.349699
8351808960.877175
8352158490.165308
8385555697.385989
8327406296.681244
8360772350.68927
8330425960.33703
8358707154.669936
8303316285.505366
8376751180.801064
8324847051.344402
8383151184.9292755
8378893555.341798
8378838520.582616
8374427807.384741
8370098643.745169
8317818184.645544
8338957771.943041
8328127448.398087
8281405972.129177
8353716132.121075
8355052948.77277
8353157337.947571
8300497377.235339
8331984796.924139
8325429457.158989
8364397261.804516
8330872221.578888
8311767543.912481
8335815749.344883
8371949171.882992
8251714007.561273
8350897876.583021
8313881245.434888
8351139233.648024
8357463139.957365
8294431689.7850485
8370306552.371153
8309593700.374882
8370895009.20764
8348807649.325348
8356226069.086826
8362045392.754607
8317975718.7886505
8322470266.212787
8399029793.407526
8286563219.795294
8271817850.039122
8370703124.638834
8319230769.826685
8348918562.136182
8336325747.475221
8354619962.995283
8324384036.299671
8340935439.326002
8327308929.694088
8366727442.200975
8348142565.329899
8337611577.151405
8371764286.893045
8348873797.4096775
8333757531.7532
8375075310.844673
8308953506.856179
8329955119.929638
8267034084.58494
8344054242.556362
8368853484.269943
8286358472.825835
8333253180.184748
8315616026.462667
