8174384491.648375
8266530965.047457
6357212888.77631
7939474247.254814
8097123607.110798
8066329099.678188
8045904574.149736
7853855642.269835
7886797822.260272
8226055920.31983
7367829309.100939
8209739699.597982
7373812246.196502
6854835445.810919
8179745289.985117
8042712857.02317
8312899031.984585
7955929712.037303
7304200332.948734
7971609974.684723
6506888320.90541
7999081512.353183
8011520373.117667
6986458607.137458
7980282057.507738
7550801564.5602665
7649966936.97102
8334668674.236015
8060783705.434654
7423943796.599716
7884907460.187416
8199800695.491503
8111714247.37377
8198638719.962103
8254986311.608486
8126104643.489693
7711107644.017748
8280907142.889753
7482715098.80135
7741925073.267784
7880252389.092075
7660392608.42131
7894891135.301604
7852982673.928191
7600133853.431423
8075530504.228521
7871422479.42963
8346973792.50432
8234560018.595306
8349977808.782864
8301486393.730586
5646840989.8314295
8150380125.920918
7117107521.2979
7783802101.318535
7847203648.457472
5490413163.728748
8079997036.036341
8310306865.435358
7133405649.938092
6464845572.060252
8039076126.971169
8162239720.447075
7980629938.658945
7908049713.250956
7795774232.708382
7592588461.673161
7825547534.064129
8025962442.84872
8029897709.08806
8052650052.095204
7935334745.946157
8359923852.494783
8013682239.6434
8358721612.96349
7809909148.467691
7526782777.32667
8215263886.516161
8255621272.451954
7753373898.819518
7431207441.503649
8290781666.181223
7800215460.193788
8346980977.533191
8026509447.2584
8127578813.905497
7858821022.694468
6886774468.467882
8240595369.542775
7824909042.561112
7666084705.741329
7960904277.644253
7162101408.263433
8048393174.872017
7960149570.463594
8152996554.884287
7348521752.427371
8127323415.285483
7583872853.235289
8201922993.941214
8286715157.611137
7442051496.101721
8194463458.060368
7932924152.255198
7710243215.72855
8196172174.450712
8103486338.819435
8337517032.62591
8144087450.001259
7672114429.83131
8178718463.816135
8065271251.800829
8138859801.304759
8089262758.558141
8266186669.288159
6981987752.052038
8226999100.555212
8017777415.9304285
8233939135.452442
8034589213.758907
6937516460.792902
8259169740.435221
7215677676.735921
8251144638.491246
8273014958.892485
7600443905.26293
8136600774.307727
8310914678.380596
8109897402.6634445
8304916096.980184
6302609101.214312
8215414840.380474
8176400261.291668
8142741371.84243
8146157667.296814
7661940780.272524
8332458981.88104
7770023334.047102
8296417122.744814
8076140078.906306
7930858471.092806
7449647750.445217
8044752054.275323
8329957037.657062
8143851938.009916
7748880507.770664
7917518363.226969
8187154700.079044
8120810045.361583
7880203139.611677
8047434264.590046
7531074622.279123
7661128508.581333
7972426210.758696
8033548317.422434
7091652729.381725
8039331764.885636
8300406640.0972805
7886950508.562906
7317132211.258009
8320367631.241795
8125293915.5250025
8109427784.83127
8233767820.220753
8296794609.23945
8121019429.324739
8037696133.728128
7602963403.759949
6702765923.856584
8072777946.047985
8162441717.099392
8335099656.921808
8230466542.012521
7065193940.024399
8212004277.440836
7489846943.18051
7986923743.439898
7707959687.981515
7902728854.40147
7680568618.063501
7609567027.478991
8166222940.13397
7882881195.79486
7918428346.694614
8306938581.246481
7964492074.999911
7170744491.203166
8079189388.299013
7925610077.738385
7513264087.637715
7909377920.846072
8345045629.554338
8219456273.361725
7938298076.074005
8055382021.581739
8150091193.133041
7426441621.988806
7937596256.987839
7855279561.434452
8252509561.332257
6953868149.720382
7912904845.313108
8151958241.245038
8325528575.933213
6761307417.422082
7478393158.495277
8259397942.740954
8319593545.780356
7943245574.459796
7928104371.406639
8100248587.205296
7426844432.714458
7286904668.805515
8196511589.753866
8204723367.934044
7831678970.487973
8306691210.301212
8092813914.672894
8261574846.622551
8200445809.9358
8173534521.785744
8347155371.89398
8058128249.783947
8200328937.89968
7960864579.769716
8078819219.638865
7599510379.027979
7795471275.70186
8111135164.721806
7802368927.281314
8362270897.604073
8320133187.717716
7593132689.88916
7941059552.339621
8323097110.181847
7922065649.545692
8239650127.571025
8109586699.69146
7964496776.108841
6806040673.770174
7822775557.185188
8187733363.041227
6310797952.112661
8330746844.394262
7731348731.762853
7566697204.153725
7557999313.856634
8190995856.2764015
7828800797.833082
7456616791.169003
6606121548.13052
8251563365.498171
8266386582.407196
7783569543.641228
7721849276.433313
7875801186.830702
7661756310.882948
8157890014.18158
8315161055.1775
7696917325.402637
8211351368.472347
7962172504.212786
8202888938.613907
8315591451.307186
7580635735.601355
8138300773.243138
7896009012.901591
8222602176.50672
7760329774.8923025
8015974267.584007
8252116436.790768
7439635796.837904
5728894400.143736
7124704582.065583
8076636140.497004
8257341009.303555
8179213186.084982
7579718297.32503
7433230020.477496
8163465245.778373
6441464125.528026
8117246905.717794
8134628601.7464485
7580162278.38706
7974671789.05085
8055532522.87889
7894703966.530007
6921584885.779074
8335669525.072723
7684846911.089836
8287109440.965284
7076130141.552229
7808210839.893328
8179738131.354141
7876151376.747705
7578881989.649314
6774309991.063251
8207714260.39291
8206945272.30505
7187775901.583669
8334376754.599893
7481160931.707453
8331783111.196866
7880626846.619915
8288887533.622677
7813018204.573781
8220132868.853774
7955809760.34367
8050757499.914742
6898243516.158218
7475936481.03273
8214897461.046825
8239047945.154161
7626669822.520482
8017066052.718922
8366707550.324478
7715033457.3737545
8081225201.326548
8231627112.191568
7346344140.82318
8049270853.285572
8227010110.979452
8288584014.398571
7730693210.533859
8086771034.603743
7887739771.227564
8242117366.9274235
8103475068.521266
7263360379.737621
7119138500.953821
7374742804.520922
6966721714.366846
8043574223.03245
7916091722.048228
7570115323.990051
7020285732.701147
7990497825.428001
8218697813.209618
8321541883.340071
8100023554.173792
8019620362.103331
7608693708.3399315
7550107371.941467
8003164299.9176655
8096159359.694076
8064808981.313542
8215547344.918011
8275162019.347574
7993464999.89643
8035293925.127721
8293942972.642988
8184443882.398267
7921837966.545576
8290522048.602197
6673321134.740918
8224299215.436874
8053832043.496853
7984785416.050444
8045881752.2182045
7656740532.82699
8348527989.556502
7562579825.715634
6993237518.622667
7715407423.053755
7267668903.764658
7198057292.125578
7701746010.887384
7976710193.348407
7961303409.538498
7110135663.607027
8209305285.060601
7855342687.532258
7151751473.5343
8318687567.095858
7617528380.163575
8206200342.481336
8335998057.546352
7047433645.653356
8185211477.448896
6854487274.7877
7965797597.368334
7197849401.937942
8152659555.881177
8039431777.506068
8178888962.761868
7545189079.2259865
7596046780.464352
8301239487.908243
8150233881.483865
8158403045.60675
8186349659.876677
8361422249.198174
8339490630.340954
6656587960.863323
8313439547.693803
8305244126.423238
8318632395.518232
7934860853.017736
7321072496.364679
8142311197.158531
8215186939.62393
7652474070.450478
7953182934.932262
8166372312.098837
8052115655.416588
6808586167.925326
8123640431.490106
8243619653.613314
8255060595.9223585
8232031216.654983
8331428298.981976
6985093319.422161
6373142929.324552
7488558328.150488
8189102704.534585
8150218849.933344
7387182173.904554
8067045202.396062
6887534655.686512
8181597075.45406
8298316002.005951
7962631758.229902
7915274920.655798
8326994443.18478
7992151034.584764
8360761061.538197
8072157997.191809
8288734421.382568
8312212904.730562
7601325682.504298
7835535315.569755
8221321208.329947
7686773867.2002125
8141575447.805196
8132209686.896343
8138376461.045258
7636652390.729321
7761545599.039909
6861132943.996363
8265821694.225731
8025128948.555178
7901620984.9399395
8015557138.135146
8202976569.31226
8373261009.397546
8335697874.93368
8248052000.747599
7782490716.098745
7361631893.483823
7430097773.782564
8338159510.934933
6816212725.414834
8141986158.334941
7928709259.465387
8227211554.805518
7541316394.893188
7952217733.647644
7940658807.218869
8272007481.219173
8159844359.020216
8264600467.085124
7781604819.339655
8024671544.023419
7781624361.794979
7848425455.050121
7880515483.297394
7973259849.618103
8237729094.6638775
6382936361.069291
8223656564.230671
8223497859.610563
8251344326.393806
7505515184.923676
8133758618.0516205
8172010665.037304
7311958651.866121
7966259378.3142805
7805204180.753731
7591909560.640297
8147939771.181584
8153658045.652
8328039003.579744
8326158271.557728
7702379803.68129
7904338064.321735
8359288768.926618
7650406210.041577
7437730434.010472
8186566405.903245
7903582692.110933
7087572642.103609
8184862047.970863
8311122111.1298065
7471083563.203304
8198536197.720808
8329931240.943979
6346448983.460072
8199491273.115301
6826927635.206492
7621470822.732064
8055187500.885515
7401808844.990235
7962112484.398996
7164376791.463919
7862461593.028685
8240377763.733793
8330244861.333669
8235068943.726924
8267360120.65562
8185362950.8790245
7143165419.431294
8101935893.228839
8341004395.442316
7991588104.414558
6937107200.721778
7133125740.436495
6886732731.218024
8102491858.228456
8382707578.349668
7912633092.396533
8259604857.904037
8140096500.542437
8235558272.511866
7997991973.450373
8278482709.63275
7726513228.472042
8170672365.205451
8161618665.671616
8319331610.845166
8043952153.700094
8117291551.342599
7522444284.9799595
7621757916.480047
8273683349.423643
8125889037.863894
7752977276.546549
7115740455.975994
7578835889.1605625
7916226698.587688
8279457230.668099
8064113370.472826
7909578572.825983
8140460698.66341
7731513704.595208
8347898428.197922
8321179098.51095
8074710641.196117
8164002790.008414
7771544794.024466
8262935036.801275
8221025206.370409
8051317675.045124
7703584998.953207
8313064801.121595
7921686424.671516
8305390935.269952
8152493550.938797
7821919562.392548
8268048106.454921
7680623971.959497
7874300551.197399
7940679257.637453
8276969848.9421425
8330881835.190355
8186888574.479236
7278724680.51182
7437049229.069145
7262628886.506756
7133274006.128862
8310048592.542324
8337004665.63682
8178136936.972931
7912850487.789232
8014874156.327031
8299736293.967454
7569513713.827647
7955947630.377336
8358176187.995771
8353905275.189646
7840276329.360922
7881148285.36165
8014675528.964352
7551570031.363371
7933930605.661266
7636595160.295151
7499648842.806037
7741060192.017681
8100825237.413857
7331040118.458098
8200390056.479855
8316138587.505201
8279556792.948843
8275761969.098772
7235251777.431812
7791910535.796488
7769134487.743618
6825027442.389492
8327529537.41617
8269008245.078851
8174258825.0019245
8110909721.00737
7442300597.528446
8045736549.988866
8146277658.885906
8162970965.881239
8148317602.4973955
7477598127.679136
7495385853.221926
6912857347.734865
8071221888.427061
6597257766.36783
7792589696.55146
7383328870.644619
8142721257.297689
6553660664.302059
7826141768.735525
8251422061.303614
5861997273.826576
8242114912.756582
7858314254.5140705
8306692207.834263
8313198115.3510895
8247779824.893991
8364331279.329592
7858110405.728828
8056206622.30648
7632814683.52317
7877756698.255799
8336418617.919006
6270311377.469149
8241877492.206856
7790311559.300104
7695335894.918238
7266394937.229096
8097144841.933439
8294733201.23587
8151665334.830833
7956509543.522043
7790879516.375282
7292922355.2632885
7364966787.656065
8226718659.26239
8002997041.147722
8005055920.949682
8355142538.655742
7809288688.24786
7828765061.899506
7909028358.217043
8031151759.728164
7013571836.231175
8382036734.150773
8231163066.9919405
7850127833.632029
7813993388.553977
7815002444.404358
8034321029.367826
8014631650.910364
8009847640.999655
8234374950.452851
7390564625.381117
8274549566.785677
7158751414.594525
6707137433.643009
8355268840.604117
6033754577.807783
8188127335.32581
7960813830.925688
8066622800.186899
8293769148.637789
7689545259.926567
7809126656.778225
6584144496.82843
8163964224.124647
7782545557.3405075
6967424115.797962
7945113953.568219
7482439930.709759
7777292861.483044
7959997913.895981
7485572356.229801
8213143894.685307
7486506634.698328
7646614053.033165
8319130565.434032
7623452061.371553
8289435845.075182
8048288619.888943
8145472882.257132
8309812363.9769
7762089382.464531
8198743021.37088
7929088102.056727
8089094277.426269
7238581348.84808
8227223464.530163
8074982034.655914
8229183677.991935
7894555137.64889
6806579314.619549
7722967943.8733635
7238796117.803274
8307588049.677739
8112973835.694384
8027449089.960409
7504061828.802591
8175516942.562193
8187956045.040251
8206765380.756097
7183346108.3144655
7779837805.445905
7182217144.582777
8129690137.952343
8192858304.716476
6994171423.086643
8130365177.642573
7068629286.754299
8298303833.628759
8017967403.8032675
8304389436.279714
8020013739.917774
6867836334.341791
7875157305.774164
8283750598.407555
8303454196.536612
8298714032.302576
8297389481.866497
8106304597.10265
8334147311.064851
8278108482.339348
8302138129.691431
8184946780.063995
8318796405.995535
8262955684.707109
8201954235.317775
8315748482.50651
8041426866.499201
8150266025.694569
7948658777.071341
6786176296.164481
6669931274.618383
7883061524.27969
8268781992.469341
7397148667.426028
8189802965.933276
7959728960.436561
7356907502.8973675
8278148342.679508
7872767703.795412
8266470355.347912
8325693659.235907
8388997114.247791
7494160794.088134
7993673907.184822
8163592489.719135
8071381466.424125
7625556543.555365
8094362811.236853
8241335716.291097
6350182430.243262
8316041896.755606
8221593000.224985
7773339487.196331
8141361644.678398
8118228596.723585
8341401464.424576
6632117256.105839
8274395874.707067
8264301693.0711155
7844152555.892238
8194990194.633125
7818042049.513348
8280363575.002517
7281389818.509762
7727110103.188551
8191701856.911482
7499031599.647359
8105056490.2911415
7925853390.439768
8049668527.395725
8234566241.477099
8314491156.020208
8344441313.754227
8143988909.594861
8173263783.077551
8100070631.967439
6951344543.294134
8019867966.856126
8116810575.222991
8346743136.35558
8174352154.329259
8089782529.108801
8337145541.699739
8242139963.656483
7347514189.15971
7998302331.219177
7690230024.50229
7530407891.750748
8124021381.792294
7769397599.746599
8018874726.106836
8105790502.256084
8340400114.891395
7275254915.0604
7556196192.58612
7963354258.710882
7637204369.107656
8286165496.633096
6663093593.728687
8312208291.7515135
7455743324.113383
8132247598.331256
8186168028.802347
7989093106.782256
8180323985.315111
8156541866.816572
7270889348.254139
7178592020.927378
8327021146.29695
8152769045.106757
7011424326.447592
7238543477.328502
8262167719.467619
7411771663.344024
8221193569.208881
7935230658.0301075
8173055459.201012
7978697051.656624
8012354209.455994
8131198327.087591
8337984752.256191
7286486235.117467
8286242619.749684
7858602336.199915
7624347103.81748
8252533137.216982
7995014379.681934
8033984326.246363
8330485969.66987
7616971675.385435
7922223153.593637
8035449297.048211
8032248406.392624
8285883081.554533
8205596063.630463
7864969295.116768
8087994908.682089
7890106742.081869
6678380391.053894
6467300498.946257
8292364794.936021
8315520723.294807
7984073659.709968
8189205925.737774
6636972889.65243
7196508377.618447
8208550241.945435
8325590216.933861
6561857717.5904045
8134399130.854694
8139402972.652035
7830454701.393191
8172219341.448329
7113668304.723843
8341600473.188139
8033707774.4205475
8142929150.718252
7687656948.745176
8279147741.042337
7498474000.397198
8100355093.958702
8286266296.624968
7701463791.039162
8186676425.306984
8374066108.456393
7725550052.134021
8057830964.705594
8214680161.023909
7373752831.236599
7148681406.83257
8184269008.5079155
8256285167.987009
7997198217.882089
8049563417.03867
8238850455.946125
8167335134.211277
7842961230.167877
8017588191.982264
8036948360.276993
8326459164.43303
7932084116.130066
8351846384.176811
7700507474.172242
7794128789.19215
8316572989.150101
7427164619.871334
8104159623.325944
8238678956.562291
8344867585.842452
8268382214.957616
8347253053.93243
8337026428.097281
6940449630.411249
6512344253.319372
7682394439.0470295
7640576094.559996
7667828964.883142
7769730033.513671
7410499946.163632
8080643180.210851
8225375098.113681
7950840965.095732
7519555789.676612
8265968217.383377
8182443410.991882
8113524153.054529
6999043440.16769
8230637307.342915
7426248933.607667
8305995029.037661
7361684657.571142
7440266764.908815
8128168783.199373
7767877973.097265
8295190760.637138
8148556965.767012
7571420499.699447
7766104326.441622
7708910995.820919
8027775305.852799
8066355950.6255865
8139699040.338085
8362958582.665907
7922360812.355686
8158528225.423638
7764068753.258242
7984908077.386515
8098731200.989796
7987568657.15377
8267758390.00584
7687624559.202045
7731525804.019648
8218067856.28533
8353621445.120324
8050860183.618241
8086587169.676613
7936082933.24504
7887750954.549267
7413252555.576005
7774962478.925449
7997781910.663767
7296277447.071732
8004540914.237543
8269276891.097849
8300054918.321146
8054728740.3810425
8359484974.65444
8278186268.2678795
8371638819.989668
7991549334.629868
7855843508.597504
7676605831.454725
8181480626.231194
7475651460.488892
8362755291.594677
7443199696.045192
8188714748.610218
7973640852.693817
8142186898.743244
8323345927.593169
8176551008.373214
7984266652.23439
8291163437.76318
6194645753.966539
8049923480.862948
7913069473.54023
7783141195.619027
8181907253.804543
7568433586.998461
8211983551.576569
7962665433.663506
8048796119.493364
8049272893.599781
8025450751.811933
8025560501.119998
8349094067.578262
8007061489.849792
7989646488.871918
8337543755.587809
8202230510.51943
7648087625.838726
6831634187.682674
8109768568.93293
7243946591.784306
7001167849.769758
8247314152.367775
7878278164.939104
8132148185.31057
7441077563.214863
8048049007.195963
7874656736.016783
6709410874.412891
7884512916.113223
8333885233.618088
8277947208.246313
7867406530.565468
8333732049.7069
7690673719.260328
8125377637.732672
7908236521.936562
7738633769.336494
8163004557.153129
8265383000.194261
7246545080.293364
8155837207.974237
7341983308.099216
7698903341.691248
7302472297.323378
8184955949.085531
7016696265.961017
7619456305.674007
7657079002.563826
8242447701.92584
8092583447.734102
7549393613.73439
8179577250.321501
6972825204.302073
8255967390.01915
8302465336.102583
8272154461.515295
7443285804.771517
8239246610.323238
8168855642.494123
8087687117.748608
7940795614.877026
8258745747.888734
8330449974.059027
6688528700.421328
7155493604.44672
8247889692.04397
8057931354.524527
8156693292.925756
8274492447.221285
7366785256.16873
8138966818.831338
8185743783.027572
8219720102.023973
8125065331.547739
8188713713.636591
6580190249.5211735
7754860702.340135
7980603377.510564
8224331163.516209
7818251763.723095
7933842415.038067
8196397076.635869
6939028134.461821
8292916988.881776
8260001484.212786
8313229551.960012
8295312591.518457
7169724142.103645
8333864342.819663
7956334164.144794
7933680819.863316
7994678576.3122635
8203325868.667409
8245115561.452313
7335682958.722026
8086684030.531223
7793878561.574907
8051881903.288104
7975564699.931597
8257821068.17297
7445124956.259659
8223183773.127924
8042029739.251997
7352387414.575129
8299908462.447998
7878471452.732082
7817563735.5846405
8306242411.398633
7780606503.093147
8102262627.553102
6886424098.9900055
7995210284.5153675
7489469918.894936
8294247737.9750805
8310052225.506964
8199645690.4553995
8102846993.443151
8162499819.212581
6938972535.58366
7655160012.644268
6863057767.958119
8345534400.75488
8289409050.529244
8144781226.369416
8002690945.471101
7725287359.280173
7630988606.484805
8256447930.4682865
7095677862.921364
8217523478.378291
7455508998.824041
8148595944.551426
6938633732.662524
8028147428.877275
7384872262.52764
8198408148.323763
8328355989.449177
8178235800.588926
7911127316.563281
8323435782.846932
7083237194.991036
8241568424.476424
8142218425.148336
8286832617.963697
7226364765.67458
7651517731.386969
8126630514.687792
8123308926.04644
8099223820.689674
6783831834.077856
7599615768.15164
8176565999.465158
8106978267.779214
8280544771.812575
7533364637.292784
8184558882.3493
7545914705.495359
7399331474.411124
8150020418.263303
6823568114.692223
7669069471.065167
6284685417.746435
7788450649.389393
8330894248.134996
7312511907.865459
8184333847.860169
8303438467.501452
7323921786.405363
8081884240.151499
6429332685.740496
8274671565.815216
7959197709.706111
8332099607.391706
7395951209.893319
7551556562.839672
7991269893.391224
7645000074.905028
7503392950.481297
8360067040.775545
8290191561.801111
8125210142.227798
7596394109.143595
8232447078.796675
7434539821.773288
7611422430.573528
8108261831.025935
8271808987.132364
7737578455.795923
8183663316.3098345
7898587369.484701
8214449685.827822
7273639730.298958
8152072256.884998
7694293123.90759
8301251367.60823
8154453274.682407
8332089185.574135
6752866296.91086
8326497755.519131
8236675531.609943
8213436308.01197
8020704724.232255
7486269730.696196
7817571128.835377
6777963982.461509
8371491167.816225
8020945264.591759
8108238126.938814
7778039751.153147
8047506461.484312
8176139081.178827
8209412862.062735
8216118546.698204
8234877487.986899
6832050545.864661
7896641792.620592
7928972300.675922
7894465880.279011
8244758932.776338
8297503716.27721
7290205525.362744
8209746514.509442
7515336773.597155
8059933782.818904
7735028936.699978
7035154616.048734
8329735600.694985
8171712410.246624
8039303565.346733
7861597182.291054
8149548370.455145
6635204320.498446
7826981753.642508
8207927522.53587
8303539919.211575
7036313665.985991
7395111945.389713
7469560467.984501
8222269602.374969
7665977771.143559
8090100475.76988
8352450748.073081
7586907510.711678
7648706220.205381
7998397181.956798
8219694781.977294
8112900456.722679
8247153982.604212
8132232941.434472
8130174065.348591
7881473116.024666
8298458852.775879
7877131147.054473
7969329200.857999
7996698588.280298
7986761373.367071
6910907554.321624
8309577247.294987
7257506339.674023
8131112314.8393755
7841272517.873898
8100638786.721027
7824562952.436096
8004549965.25885
7764968813.701072
7722327485.295235
8230616749.484142
8102416778.229044
7685203289.984293
7103887754.803427
8217215775.23068
7991871063.724026
8100475050.4684515
8176560863.743591
7052040564.798794
7842484058.121489
8201517558.549122
8172748671.580839
8075163406.114611
8177081619.503188
8389341762.572969
7827513027.31872
8101762987.308033
7578081729.51605
8151740084.521244
7813860594.467088
8310913272.553271
7623359217.724839
7641999654.884642
7894074249.744715
7336405384.743755
8082372495.09784
5983228810.464583
8208538547.663395
8336879619.250553
8321828375.427143
8298920218.039875
7667192917.286736
8356535997.919198
8053758069.550951
8267313882.485794
8341592589.3231945
8201702675.294618
