8304214548.618938
8370549592.982668
8282283434.576511
8147434616.82555
8186907208.486208
8247584249.515694
8295015535.199136
8382368282.231388
7818636636.599083
8343912573.550251
8250305573.370904
8200738807.262428
7960242724.397169
8206239853.988966
8348091151.234405
8066089980.142364
8314515611.913179
8332896730.366982
8395273566.019127
8322964336.539242
8314377559.598545
8123969578.958128
7716595161.241402
8234025637.7577915
8216824686.369418
8343031127.86854
8184196417.061314
8156265571.029569
8219532763.777178
8316323625.484199
7361716921.905601
8243796662.974466
8052877253.564517
8267109178.247017
8299209868.349279
8228948083.106464
8059872553.289647
8285006500.939123
8193807413.457773
8254502860.460396
8327986435.371447
8230147594.209629
8224811943.231754
8368444541.7895565
8281427593.887962
8335133659.613882
8296766846.823648
8288676844.304056
8157609424.024321
7992752021.241478
8371462915.645496
8217618406.059482
8237742524.607307
8176145961.367857
8086931087.041233
8342368116.571527
8242907236.379227
8333667176.920067
8106608369.486043
8072294196.064288
8087050869.228344
7953645216.959909
8333940434.0643635
7765648172.959261
8072717910.60552
8346811167.549023
8307342505.918829
8239201299.288456
8216116128.924665
8130261368.50605
8167832813.403414
8235702488.217817
8350597524.626768
8147480009.410486
8251659471.772181
8378322169.992769
8316875195.915356
8302973273.799392
8057998353.823868
8234146514.075144
8101159372.250503
8171827641.475443
8321867324.5824795
8311424928.898447
8218185985.247821
8291621850.392492
7932108715.453914
8284830948.8454
8363536043.384303
7872856826.151187
8282390338.093208
8224256053.36761
8068701124.548541
7896726740.432684
8303194750.289089
8360387356.628077
8357997353.093563
8340111555.109144
7780965852.503996
8182285982.362885
8258207037.536173
7946929700.10644
8323012327.285313
8360558810.318308
8229584856.55979
8169174399.952353
7960220502.848364
8246676544.81815
8204967573.161251
8339555668.722417
7723873322.357318
8331075930.949192
8312612981.155882
8324566064.465028
8183026266.9010935
7821967013.681069
8153204110.983189
7717819289.001754
8283845144.921797
8351428136.417776
8311379035.76876
8376421873.638493
8325388316.143457
8329028130.449233
8227068882.190294
8212699743.381149
