8217032123.303167
8041524773.103912
8328316426.021141
7541608788.712704
8320986629.310674
8223887005.537252
8206336207.098382
8237548933.542846
8327422223.360322
8304214548.618938
8202681761.785229
8289041772.050833
8345486480.850965
8244734617.812065
8197327654.880043
8178422706.157353
8332170891.8433275
8203746261.966694
7898861855.709223
8307599510.565739
8012299764.136097
8244655417.207635
8305466347.441503
8284062174.602811
8229457450.3553505
8209601531.797634
8204316277.06456
8257036593.035981
8035680166.988985
8203762402.521915
8163943818.977386
8137025328.8528
8333729129.964605
8213540591.650867
8336733441.559035
8109230020.41422
8262858055.800421
8174317493.483961
7934679548.995067
8263303559.444611
8256323188.230952
7541727959.518606
8267851588.98462
8063145729.080618
8348309407.128935
8161368402.059673
8145554668.402537
8283809528.633176
8163425649.720036
8263574864.99186
8301308194.449191
8328410631.370991
8349440147.715072
8057957504.028143
8261531057.705784
8328629880.408844
8302930266.068827
8370549592.982668
8408071466.151325
7768644166.431507
7736680713.176737
8336085090.78079
8378075515.101017
8297662912.509924
8071312390.11485
8134718932.162127
8252671832.847273
8103717228.335972
8282283434.576511
8198825575.510923
8147434616.82555
8351126735.659056
8186907208.486208
8054110459.449752
8267182183.975244
7655612306.86256
7678524864.630653
7936950057.614496
8220472353.2686
8170616219.459264
8356985736.595814
8351605129.8816395
8169870893.566131
8170288041.56279
8321629523.2558975
8247584249.515694
7740624498.277729
8311693686.366452
8367925530.657709
8327831636.086232
8353258633.775835
8364569453.436112
8295015535.199136
8202374444.301607
7992182883.567862
8382368282.231388
8317300070.641359
8090612267.582848
8227479039.677518
7818636636.599083
8349148224.954615
8166853239.75596
8333916697.733688
8311799767.218192
8176862812.380327
8228509765.431641
7757049842.987532
8057114455.568924
8320334709.458607
8303814655.073437
8325053622.389532
8144497534.812737
8247460373.770607
8363903609.220735
8215031775.589571
8380145444.410883
8288536255.490063
8302370533.137551
8014092153.344044
8371674182.355905
8053781117.007793
7992960705.69178
8271692493.308676
8351509399.46698
8172282945.633177
8231580512.749882
8178013527.746941
8324281005.720331
8316216235.483183
8311592960.695082
8155430513.644016
8084833942.162147
8174435038.754404
8343912573.550251
8284481441.167466
8345462021.765013
8323569886.302204
8250305573.370904
8200738807.262428
7768001505.807461
7960242724.397169
8344267972.1076765
8312296094.349702
8160586116.06348
8312971511.980578
8206239853.988966
8348091151.234405
7925807048.37863
8066089980.142364
8320464217.870654
8314350538.030556
8314515611.913179
8230045689.823864
8212065340.222008
8308513530.239546
8143513589.386526
8303450663.808516
8275400370.563757
8270783879.44388
8333267201.236044
8057788229.693768
7882223172.45372
8332896730.366982
8395273566.019127
8322964336.539242
8268551100.39891
8067375584.387657
8252460392.041321
8307361836.692244
8314377559.598545
8326403857.2792845
8194038572.527601
8236161251.282779
8335591300.37739
8355218114.159515
8123969578.958128
7892801040.894558
8192449445.590054
8339535319.55415
7950997342.68149
8179416498.589512
8349737411.505188
8182509937.23954
8354782141.480758
8335638425.044852
8278465107.397782
8308006444.769564
8361077450.7020035
8343138082.500507
8102251052.970055
8352443928.4375515
8105530644.613747
8354109187.2312355
8291751680.689232
8152025595.129043
7974792729.427522
8031958979.876059
8339873581.203767
8091480918.052961
8208993486.2347145
7816220065.585337
8010365014.792572
8110750157.53915
7910166901.773079
8277821449.184526
8027340613.840656
8323233064.369948
8340699806.673757
8370615526.665539
8296740758.041438
8095588963.10749
8243396785.848536
8316742798.619454
8278798176.060383
8266817654.529713
8302742413.359936
8301895844.293652
7716595161.241402
7949716651.736374
8008579679.919859
8234025637.7577915
8262681064.175029
8302239049.932905
8260271026.434105
8201698809.803134
8303978160.357943
8124511597.743807
7688101273.012657
8364897670.115212
8076947215.900004
7932422082.645197
8364563010.209154
8026335057.771548
7981237358.1985855
8209029957.921974
8195603386.208826
8190004178.530658
8034379244.672838
8186289338.973074
8169725680.499658
8271130878.574598
8100426561.967222
8216824686.369418
8239791420.101692
8343031127.86854
8189142861.888396
8184196417.061314
8076210357.83223
8283053260.169994
8040799170.015615
8319375796.302259
8270470130.446255
8353415926.633864
8262076975.547084
8125989780.34962
8069795184.545755
8407875632.35998
8265333456.407993
7716610584.093098
7927106142.217022
7876742538.627741
7993237438.478468
8105738739.3847275
8357415897.388846
8293857047.825948
8294991264.449732
8091727919.616903
8160914130.549259
8367160824.82655
8325715838.057783
8318753422.245704
8155049702.539341
8173633999.918568
8195222026.705833
8138427239.943823
8156265571.029569
8299873386.313492
8198949385.258459
8141178811.245504
8219532763.777178
8316323625.484199
8126471156.138439
7361716921.905601
8268551647.77574
8290953300.853725
8304586845.731942
7827627937.038235
8353291315.579745
8360347641.545653
8083304088.247596
8195124978.014833
8158077058.825867
8361817817.641254
8009274927.332071
8291214379.488487
8317406205.0753355
8234833878.872374
8256349082.551287
8154054788.146549
7606266831.042709
8335514735.255211
8290501265.654451
8192115644.574997
8242546514.966755
8243796662.974466
8339673841.846035
7893648431.280237
7853483047.47476
8267286872.432849
8303367446.084944
8273097254.279058
8324214610.059402
8244823363.383268
8321453118.938886
8052877253.564517
8098383545.111744
8363637659.5425
8309245430.039365
8209416759.803744
8389832032.43469
8346430073.274309
8254597968.028923
8160387066.978195
8244731928.459898
8227638011.065302
7840737509.587582
8307829572.774101
7996081417.514208
8292130806.550713
8152141128.961454
8283357270.503915
8191255514.470846
8108710063.19644
8044627758.158333
8287281017.3887005
8347498540.483519
7731664373.168585
8352524426.095861
8312890706.546035
8248573265.416405
8318988538.639135
7790546796.400112
8362126478.818689
8293781387.877507
8307410228.297571
8320117314.5932045
8299657460.796101
8264491992.46263
8374400137.528946
8286071745.072276
8158363869.558571
8374245024.660989
8278471062.923676
8267109178.247017
8274421024.981824
8140549230.918238
7913302407.533039
8292358534.831243
8328454520.226309
7987226968.902901
8256735735.836746
8207569699.772738
8299209868.349279
8102665421.585346
8322414500.208277
8321070515.318549
8158117664.952591
8218271999.125359
8180938989.360774
8113223438.259554
8036965709.514292
8228948083.106464
8059872553.289647
8331162652.11496
7960101652.838051
8321065381.726382
8112039770.656832
8109776347.23855
8285006500.939123
8332934885.096996
8193807413.457773
8350011271.304753
7721074360.642969
8355356327.524501
8326838995.907442
8142544628.767605
8328913814.311014
8259200383.153109
8277162346.078133
8278196088.2298565
8184031397.338815
8319993606.079582
8210971180.837417
7892789415.161749
8336662592.251896
8137771840.632746
8331043630.320459
7948910972.382647
8120215570.104501
8249822358.732634
8283882610.171177
8240613400.659926
8324495653.772023
8165724787.723776
8329238277.065571
8255804304.708635
8057957979.555581
8317598903.433123
8254502860.460396
7952455187.445798
8327986435.371447
8248775642.524828
8347062568.274717
8342600402.634333
8230147594.209629
8222842865.22137
8298789715.764692
7959179249.913958
7982582572.105961
8270810442.311455
8239960144.069687
8365057427.312482
8115103106.37081
8114169323.407844
7991641215.01582
8087076481.391678
8365132448.823133
8080909707.22325
8135109335.267745
7926378339.177145
8297756803.801498
8077669147.24493
8318082136.577091
8325627313.24028
8305689878.292984
8302340369.629356
8208971544.33222
8293505665.108776
7818165793.434433
8208056880.484674
8018994257.735815
7402462119.029211
8153559824.928545
7944797643.0342865
8124799707.461856
8269190978.599594
8237462496.917152
8343841878.942429
8129733352.460764
8185394283.29566
8278661125.956696
8314328777.425507
7789664132.750973
8241209772.497377
8251352840.346493
8237236900.654413
8291288383.867774
8267784132.219989
7986525313.428584
8330697082.401934
8223450149.600306
8323229450.044787
8260971459.051683
8349926439.365395
8267379395.160789
8292567975.510574
8301444309.523239
8224811943.231754
8063051130.798311
8275164705.32174
8326382826.8796425
8267956965.110205
8390348019.095623
8368444541.7895565
8307524202.704116
7890607730.359909
8184764685.230497
8213851846.167933
8241286575.192186
8149775291.998817
8259808775.724459
8015733510.561888
8317459361.021219
8224624671.315355
8281427593.887962
8215032241.942364
8313908426.683317
8181186435.984586
8281347005.917852
8335133659.613882
8338904464.279038
8210045105.961279
8307078086.119634
8237196791.198973
8270862428.93897
8087913956.608423
8170552153.507885
8133129339.804814
8296766846.823648
7885930301.553698
8217302811.537935
8326974573.11767
7738971278.993427
7803410463.433123
8349144045.612671
8340560795.646746
7860053577.835011
8316553864.993106
8254084476.437851
8298879293.261904
7940922642.213395
8289800378.83617
8145672530.654283
8186981162.099419
8304918486.690153
8120612930.518839
7856330214.685709
8243254587.344479
8136233525.865518
8018278388.887142
8185476662.463703
8306508014.935986
8221045618.033339
8041146340.543501
8351555612.920982
8330066748.880686
8219975375.786421
8201985356.214047
8325078646.264297
8370279128.731829
8014237531.215877
8243795336.99692
8292034404.73517
8288676844.304056
8328589922.990584
8357405828.57509
8157609424.024321
8051063297.898724
8261151102.150593
8243035639.62179
8341826162.952353
8351995445.402319
8206258031.076626
8342403844.315215
8333515001.090929
8332384806.118082
8334447576.407696
8170752282.481076
8132242954.563852
8371174464.983875
8041972369.168819
7992752021.241478
8094616022.011178
8121066657.763939
8159185097.767439
8197344188.684448
8239513028.653229
8222696087.670867
8267141776.161581
8002504002.681831
8091724989.930168
8371462915.645496
8305926547.012993
8337809945.270601
8337944585.88163
7891644189.92341
8359081599.362085
8351296172.565704
8294513874.13253
8361218706.673779
8232363313.343148
8308549221.263016
8243309700.654686
8323415464.876444
8312975405.146236
8217618406.059482
8134476675.719503
8171012742.802029
8215017625.77029
8271836722.514664
8264550818.448659
8395000963.1370735
8338572267.56722
8363689751.842198
8231667623.224562
8154947877.966156
8350896078.388639
8184743152.213474
8151455737.107129
8092712806.416061
8296323214.701766
8265961340.340527
8018067482.563896
8237742524.607307
8293342740.361908
8176145961.367857
7836258187.109884
8339976530.020596
8157781976.061072
8307034190.851223
8086931087.041233
7912913568.093174
8256120092.120855
8196040715.41177
8264717726.622166
7985570131.080629
8342368116.571527
7754467287.760405
8225224629.713129
8332291289.6774235
8108176218.410908
8362415686.264328
8114181649.106667
8320633073.101025
8352790903.562968
8115922294.7160225
8343394494.97877
8242907236.379227
8162715735.968349
7901960813.48336
8349634390.973053
8344458780.59928
8276312546.956993
8333667176.920067
8082642796.0509815
8343234311.3389635
8279754099.264216
8348494189.986763
8343531274.827518
8340618439.733214
8303151973.616321
8302681811.949297
8289938537.512585
8173566953.4392395
7868388211.800893
8331160894.709805
8349898081.065211
8037657783.265539
7909147775.588752
8340366148.565064
8106608369.486043
8200586912.863327
8166793130.861302
8156948783.33465
8114293342.252041
8176975377.031202
8331725125.338339
8346406186.251793
8331929622.665438
8237192462.954102
8306424236.440419
8359928763.806564
7985460475.273731
7661466216.912086
8221667873.5178795
7928197399.376459
8347425111.550165
8291351186.46867
8200063300.22752
8346707521.416209
8072294196.064288
8293587278.468891
8351404833.410563
8353556056.757795
8087050869.228344
8099077680.716066
8352122521.842375
8294022310.437868
8268821471.94439
7953645216.959909
8151514710.502562
8208543157.228806
8383456120.671506
8085848810.486133
8308075426.466417
8206539779.9397745
8174301455.702887
8237060508.055323
8194892578.761019
8301266028.929317
8178253290.285168
8027052662.471491
8342422986.762531
8335179790.315568
8118870370.011681
8335221582.737569
8236178013.879343
8301577323.510475
8166607049.396679
8371034498.333895
7738286056.7443905
8316008127.120391
8274117701.278322
8314885788.797207
8324344783.530812
8238293659.734776
8368689588.127134
8155739467.462399
8317392057.704996
7708033069.502993
8280905052.502555
8333940434.0643635
8089122981.730526
7765648172.959261
8058161747.995846
8297158346.176348
8304356797.066771
7981822466.665417
8290183164.199303
7992970910.658976
8176731351.315647
8137453633.9607525
8351329550.988168
8127904432.632273
8274466108.258457
8340132506.287868
8014901659.415508
8072717910.60552
8154774662.810952
8198044904.22941
7798337791.872334
8016836577.187919
7718246977.939472
8000673698.222708
8185033048.685896
8326953906.7029915
8035761775.304913
8294293361.038862
8325576009.548595
8347220561.837826
7767123125.844385
8238142920.684232
8164740342.421436
7892483449.738481
8287519584.388956
8187590493.251787
8346811167.549023
8307342505.918829
8239201299.288456
8374202392.0999565
8311357395.9223175
8297601256.555576
8079358421.908269
8278228452.27434
8285018130.393544
8306768789.0882225
7981795661.243685
8216116128.924665
8055576111.235901
8062063653.20568
8372306383.345236
8230854755.678722
8003934121.02398
8373358810.583811
8255572057.616266
8130261368.50605
8115311378.384314
8316858105.311803
8030984240.048304
8024745738.365189
8229376787.670841
8288495003.638321
8282751504.447023
8307828025.339787
8245663402.492889
8083716069.165241
8171986134.752798
7644085920.8938675
7833688257.203257
8165941889.779327
8271094186.345055
8166819934.6593075
8361155321.977928
8249837650.033941
8362505531.721525
8270140060.122717
8268282908.407374
8309801526.459498
8235403010.133012
8282204064.705103
8312542920.41081
7697514064.085001
8261646154.729904
8350759387.641119
8348936595.310269
8139973565.775598
8370250812.220806
8181926503.769715
8347844025.841375
8326994380.652054
8032908284.320766
8167832813.403414
8228388832.383387
8328168860.166897
8265917543.890148
8230031435.067312
7729808097.352011
8310071155.84036
8252185513.300465
8279666394.126213
8009927738.597239
8080801581.221975
8144877721.014167
8279204673.943165
8308518022.863636
8375161861.585058
7855576294.771227
8372106434.555464
8290953614.195223
8244877258.083265
8053249269.676811
8111943959.697327
8145831170.987942
8260160683.072798
8191009305.381414
8237657470.234243
8036701145.493654
8336199106.203626
8276732113.718066
8305639293.915791
8235702488.217817
8304509760.056953
8221103409.766106
8327085062.523986
8350597524.626768
8260017018.820984
8347808160.94421
8343769323.025913
8070694815.848128
8097480720.828451
8237650692.150618
8102916345.883292
7755086154.582054
7968086908.662783
8290832048.463921
8206707507.389698
7980550317.421983
8269153756.571394
8298131739.467579
8021231383.800937
8367646391.984962
8331777541.508781
8245400673.717657
8261121019.430725
8232536625.18541
8147480009.410486
7521996486.786924
8193957080.877668
8312064844.699532
8301649174.78196
8270269547.020903
8023916924.848418
8217611759.712222
8317480875.694818
7652944816.708216
8336722059.796669
8251659471.772181
8211581321.867506
8378322169.992769
8042805059.429672
8269464575.356287
8254448386.116489
8034125819.079639
8134865458.946744
8326955885.442882
8325680040.609535
8341570732.129522
8256341718.758851
7629154849.776609
8253897571.768261
8335679388.211111
7737938904.03948
8236667669.889377
8162264926.2706585
8179684355.875336
8350075961.77969
8345401848.724136
8239506225.768686
8334768419.751879
8193788858.69913
8366135650.468836
8290449825.977203
8339586792.54314
8316875195.915356
8208541828.513941
8370259231.271517
8368158913.140715
8354114783.283754
8188715616.138239
8302973273.799392
8211525174.074089
8313346801.611422
7956288288.992183
8057998353.823868
8158898161.475448
8234146514.075144
8241484289.588121
8219138047.482286
8170941648.5835495
8098235655.82296
8230619840.570005
8363215843.20052
8278326898.849246
8331028464.001432
8101159372.250503
8310741687.630448
8325741728.707853
8291488340.9728985
8181623852.912498
8355270560.628166
8261560297.199255
8015328792.147397
8202286252.480862
8264058221.947178
8241510014.739103
8170703905.605139
8136004288.523513
8188938018.957885
8149744012.212509
8238712675.544935
8345962846.732513
8299733515.446436
8031704171.162268
8172996838.458502
8289369613.278805
8199699146.392024
8335909338.779039
8337440711.3079815
8166890998.002275
8270704150.512976
7918787770.711958
8161381065.314946
8347639023.6679325
8261276194.847258
8252191669.686156
8347658434.99226
8296917039.598889
7756612182.982978
8394537182.494108
7675018177.110188
8171827641.475443
8326404150.2221775
8270831745.395575
8363119973.760477
8021688674.68062
8321883937.618929
8270849760.831762
8290828369.997009
8181268388.223654
8288281029.470669
8328074252.519899
8204614323.757622
8321867324.5824795
8311424928.898447
7930851680.53306
8314214410.875018
8113725041.058266
7927207708.235016
8094017149.068419
8355808376.272419
8358611962.21219
8329098668.527543
8304660217.379406
8272359428.512274
8095993798.809767
8260524645.5954
8278528990.943877
8136000693.256071
8189622822.003003
8352606374.303366
8218185985.247821
8355414553.144303
8157559997.750099
8118720920.900418
7881496532.806946
8350139668.669467
8341811506.07813
8364929608.102024
8095354925.798884
8112760740.198559
8261370115.843752
8300285453.186827
7507278714.851604
8281215719.099739
7855525846.623762
8361250264.139552
8189558602.666811
8291621850.392492
8286270626.647013
8354856307.580436
8256865501.701431
8221589670.712624
8323585280.452574
8276231773.980528
7935728664.454371
8224232603.860973
7932108715.453914
8266870904.750278
8274984932.443516
8220311777.559206
8342950797.71389
8149733374.624256
8203711871.818172
8273684390.036272
8352748312.848972
8326504760.884489
8217137485.0432
8371945204.240952
8351458803.697931
8281036659.267725
8122391136.159739
7655711419.910826
8294655291.099772
7833836184.008383
8247023535.115445
8327723490.6760845
8364053708.41753
8075608668.176372
8268887303.082106
7887199066.246315
8374321182.300269
8188152229.1045475
8319710153.244669
8278283929.595145
7773183832.519516
8359207738.847663
8362341025.467674
8129861568.691709
8355577563.040677
8051050193.3337345
8295834760.058977
8233013635.932685
8201560452.890934
8284830948.8454
8323645404.63483
8260570145.660819
8295338096.322187
7925272252.444607
8363536043.384303
8322359277.662371
8070157481.314062
7872856826.151187
7852906849.712469
7966219729.883444
8282390338.093208
7950547295.7764015
7575292850.16519
8264535564.280121
8183248945.030569
8294816244.400553
8224256053.36761
8256118446.409134
8068701124.548541
8295610376.193927
8185453502.42576
7958086490.796257
7777405686.419154
8363125259.407464
7896726740.432684
8386455454.765028
8359283262.263075
8094416739.610619
8268749724.389196
8059807794.75811
8349393775.796436
8347859599.545893
8308604992.723043
8158120457.5114765
8373531109.783185
7749199385.285208
8293294861.755078
8363784003.0785265
8280044091.049835
8303194750.289089
8166676595.677519
8333530319.848932
8262755161.760362
7745490006.984867
8328567686.090708
8353701989.971302
8298115884.59528
8360429896.476804
8258815661.220938
8298388444.863943
8360387356.628077
8070185679.172983
8333919118.827212
8323998034.173651
8114768667.663763
8185430682.643758
8296004590.267695
8357997353.093563
8256707031.994217
8179011190.889532
8342613817.609198
8311889433.24861
8220769763.35754
8311489643.88983
8004766422.62863
8137775007.45928
8359771027.617855
8351438814.860411
8277931876.322498
8263581060.369974
8087097284.05183
8218590080.679373
8340111555.109144
8245049677.0810375
7732770293.850324
8262970153.222603
8398342301.77685
8373816970.630163
8279168474.0281925
8072988547.462137
8384850990.584896
8242415557.395685
8110788703.737705
8351321244.612105
7780965852.503996
8230605580.646481
8067830361.569189
8272909060.561304
8107144003.453989
8283928218.551442
8365253589.298529
8234309184.61919
8130246898.870646
8246388868.863257
8254555620.668173
8182285982.362885
8137854655.365275
8277026701.103893
8324347864.6887865
8192546729.546969
8180002417.438572
8116980951.080915
8243342547.490025
8066184694.961517
8137801294.832401
8290538705.107635
8305295014.95245
8351107375.330801
8224221025.489444
8094288040.804022
8258207037.536173
8329317362.656013
8289989871.647363
7775843644.984943
8233894089.072505
8292743903.577819
8290511038.913601
8171393265.256668
8276825476.346949
8217454892.9627905
8123070182.186974
8158962769.479872
8096904462.333904
7964607362.334171
8206974994.566955
8203740429.145832
8317234130.973509
8141235053.754385
8080662442.710417
8285193116.605561
8191666360.211154
7939893378.464211
8342117870.246851
8228490438.824041
8306498608.246777
8197490624.385715
8212211701.405115
7946929700.10644
8161670806.49691
8209710658.541016
8000971563.537313
7703260498.858421
7966335613.343871
8177677757.51941
8103680682.0241375
7939839249.071752
8348990654.925573
8370611436.130552
8153777264.800777
8207580914.732435
8172625010.405575
8142713520.824999
8320102085.009581
8381028309.66984
8049038939.557463
7863195474.331034
8323012327.285313
8290950220.538727
8298243997.065119
8360558810.318308
8163705274.147404
8343945128.644054
8320630839.727596
8303053131.521625
8007528137.914137
8332232919.983246
8161010328.443485
8172251699.7716255
8175205379.241127
8377985135.582163
8130083848.124478
8352889763.803268
8193839093.3484745
8051474286.639153
8229584856.55979
8169174399.952353
8329100289.16625
8024196291.324381
8115338450.209452
8312878635.475859
8261615960.040703
8337532458.772466
8310097338.348721
8092659086.495957
8289964490.736288
7600943090.348948
8232162728.748713
8076181608.639057
8343513429.143623
7960220502.848364
8021973899.528084
8017612034.6857605
8211837887.914361
8066854874.129977
8292138093.71923
8167062361.985622
8166113199.238075
8255093290.450652
8372710853.712139
8249663658.420076
8350793286.913862
8309719883.251728
8172144039.0345745
7910916683.283655
8218053742.077297
8200083252.365329
8333914683.202383
8167151751.085991
8322845321.476693
8327364727.482877
8256470949.273877
8246676544.81815
8325384125.342138
8088314321.647736
8204967573.161251
8145646550.725804
7749781275.214588
8279326479.193621
7947419506.6494465
8345367679.575148
8021040041.402255
7786231858.4551325
8151269277.693526
8295491693.21241
8339555668.722417
8125091673.480225
8314905880.106335
8275602969.754891
8256833731.348566
8230212537.949238
7723873322.357318
8338141801.483059
8071488501.63212
7840679277.508153
8047512844.736952
8228063901.438264
8262242500.797123
8271228152.338497
7885585910.95137
8311654921.421642
8066987036.02566
7903604052.302156
8256301819.275291
8331075930.949192
8378631972.599834
8206397719.387794
8001318009.577444
8374751205.682969
8324912464.853861
8312997314.823801
8250686099.622978
8119249664.059636
8331598647.885994
8338818807.770928
8361680453.483637
8312612981.155882
8332647720.348385
8160413443.379541
8340330683.347054
8324566064.465028
8266970687.077127
8285700343.235653
8305875638.874199
8211453980.379155
8165425986.338969
8318490209.901887
8306911220.6881275
8183026266.9010935
8282778179.1129
7821967013.681069
8363019194.347264
8177402378.788697
8293183803.13821
8191858902.205939
7906793840.931108
8189549874.772018
8306447019.486798
8210294796.940348
8216510872.550807
8385398318.074702
8001737212.953653
8153204110.983189
7717819289.001754
8235806018.935912
8345429314.778353
8092478897.801999
8155160252.480616
8296000529.147745
8221316108.000221
8333777443.076221
7701232251.051096
8174373513.370144
8300690253.766991
8126452894.2938385
8313153774.144239
7990393408.673605
8283845144.921797
8161174477.768745
8351428136.417776
8327782254.018235
8311379035.76876
8350533146.338758
8312122046.188402
8353259742.371328
8230682198.374381
8192814207.834862
8273912113.924795
8376421873.638493
8193355232.133476
8334168640.90407
8325094662.425419
7879898613.150212
8325388316.143457
7632755782.35886
8373819128.146214
8329028130.449233
8296945797.191889
8123857121.57441
8227068882.190294
8198899911.095686
8190866811.62615
8132881025.91736
8212699743.381149
8335141561.472443
8261573263.178619
