8336603158.185579
8301589313.992454
8311294219.02038
8321380244.574396
8066328275.628143
8278256024.06067
8359756889.710484
8259213529.852249
8177276509.573333
8349807124.711552
8382115253.118776
8366951420.135516
8268844785.847212
8338134763.390653
8365349006.726019
8347026247.642208
8359391534.897602
8324040065.347414
8338946614.983592
8345273494.402809
8258939436.709882
8366362299.372623
8343927777.942472
8292600042.160815
8148034384.238955
8237047034.399432
8299515935.206421
8240988576.652783
8286118235.737314
8312486362.505326
8321414612.448048
8378551288.739592
8349993599.38925
8373971724.802595
8317734504.596945
8396568562.503382
8300669042.665844
8285187023.103098
8344693401.156603
8286178309.281075
8327931835.755184
8376063181.571493
8281608076.376984
8334442230.132942
8345087292.44386
8353683398.1975
8346059539.3598
8247844131.490143
8318688020.847572
8193730303.097063
8335254273.841171
8229152598.746227
8120114352.424171
8294311797.541046
8346424581.243097
8198109454.084903
8189300635.951049
8258216148.67485
8070582659.527544
8324216689.370066
8351524312.756321
8139234819.504791
8287408550.093985
8338450442.213362
8322304947.39486
8336244764.226335
8330693944.10795
8368234528.45561
8366240207.34625
8304235202.017832
8348071089.703075
8381223377.981298
8307109488.500538
8380130120.740917
8321759456.714091
8171931656.358164
8361927315.884432
8297627527.680656
8282249099.77731
8256476479.55781
8250970977.767286
8339802807.572403
8321931343.193136
8158070637.6091
8323547647.175974
8138454610.248455
8262518618.310722
8389037335.398017
8353816727.020165
8355386864.193939
8274213844.692242
8378421331.582621
8210298653.865007
8167034317.502781
8341397538.609034
8354351456.854603
8366360512.35388
8349557629.0543785
8340600339.103261
8311328136.375303
8216323085.415655
8362955530.2621975
8333691408.300628
8231675231.831907
8344788478.032745
8365449193.607912
8372403970.55641
8298415965.2119255
8351129966.953693
8251574787.380633
8264690230.018835
8102345620.277009
8287646512.6952305
8371855604.330988
8276132119.291098
8365464032.921148
8307223192.268494
8370070848.842022
8273678977.400854
8305874550.597172
8312416748.176671
8354714129.332227
8208419008.000706
8307622418.212843
8224626433.239676
8347833855.078073
8342714694.823933
8367440259.024477
8294063829.013101
8389668316.407646
8348632760.771844
8282294365.10379
8353293348.3644085
8230121649.719326
8215296148.474138
8289897280.038668
8365844193.937059
8300349206.489349
8364694243.058259
8338485472.437773
8263707489.390478
8306743105.769154
8295355616.741358
8344165696.623924
8347012418.335409
8347746235.149016
8357240854.542694
8353857088.475334
8278861172.937153
8364235465.71537
8318221863.864971
8337661640.001274
8142742043.1581955
8201808670.967137
8341291502.820975
8253138520.765003
8344457613.349358
8337085992.620159
8327326474.3309555
8343977322.57394
8350171633.9612
8218510004.874727
8356387090.38127
8270061784.19005
8346089104.790741
8363460782.803326
8117923657.567421
8342336540.680418
8293982368.968246
8262540644.6412115
8269283043.378535
8121535171.624178
7969012766.398075
8366260894.207417
8327232159.872298
8319137571.362764
8274333754.555172
8350479042.702858
8196054514.055611
8310285457.416382
8365865599.874229
8344633376.179016
8348627602.754187
8249222018.416584
8324684461.973598
8351825786.600519
8321644843.471516
8345552175.367533
8312068315.40266
8351977504.780012
8273916989.613606
8345363666.150208
8310344284.795749
8309391173.106224
8371904498.929437
8171673985.959171
8375724723.614248
8103047568.459667
8259115489.648043
8354036401.686895
8354273637.979321
8275597149.981148
8268321955.870969
8263227670.35453
8359662978.193802
8292328748.363331
8328021161.242935
8371084724.206245
8389431388.658993
8359201179.235237
8273938159.42807
8305314621.079018
8271463007.332718
8296816358.827972
8378446599.5228195
8354406204.311398
8336343720.026741
8181882096.1739235
8285781425.436712
8162818893.888292
8358712468.493061
8345283621.80657
8364363915.580498
8311122433.273425
8312207476.883666
8264100097.260637
8338398882.80013
8210933852.735623
8345987912.245966
8319360174.869914
8283466540.43176
8348528268.187838
8325869153.429895
8276158500.94318
8329780249.707787
8300427675.456694
8355792700.286508
8215946790.973379
8319409889.893417
8361168834.057543
8341274669.206402
8236941434.252089
8248678132.44631
8340719834.163295
8272329682.271986
8363684797.418667
8362282315.488873
8280077420.071182
8259269663.833511
8354103064.839411
8293445615.236866
8363528035.49588
8268464548.539974
8234555454.996981
8323598005.854226
8276211233.604082
8377301315.660498
8322946692.825279
8305615990.955655
8347816623.993359
8317397770.34142
8324577153.279818
8238126500.832961
8341007800.668467
8241076728.943072
8348549242.746257
8393608585.240913
8300221995.834642
8100451810.528236
8354548642.7235775
8335091800.294228
8347413425.677013
8369620279.950338
8335133425.547083
8358551767.091117
8312005250.405905
8082973489.207564
8351318196.022976
8335702746.899269
8292380430.693949
8243613393.437248
8374438589.609207
8373372046.54427
8324608420.625067
8098768519.652237
8345683732.400873
8319097930.049023
8381493299.026627
8194950300.500058
8360872111.371054
8345944795.398478
8268635446.330149
8328736882.449678
8252581290.28047
8288107546.861449
8042014243.695541
8328892095.329693
8362788871.205141
8320986951.260574
8357286497.107229
8314685338.681821
8114683885.450578
8325292994.438782
8334681799.129067
8313175572.628712
8205112507.559002
8303200133.154122
8320902216.476396
8314329185.123983
8093962654.819609
8367249167.494085
8305370858.82226
8290158953.51251
8389425851.653468
8308441706.285424
8331216375.107115
8263444440.348477
8350555162.27183
8345251272.807508
8317798902.334944
8354155525.607433
8291880922.793854
8327796839.080334
8359458664.732185
8306395584.471602
8258388818.691923
8354782856.733652
8375112996.624542
8227090301.371592
8160942986.813521
8332593668.29196
8184051336.748232
8335042470.267498
8367534205.505269
8348823689.276602
8335319190.760084
8269299483.116312
8379074799.869116
8293267593.666386
8371731108.117677
8376348323.46394
8250605382.77544
8345459526.373293
8327084148.816608
8307612626.258362
8353100543.131872
8305988700.573282
8288087254.005438
8381760483.94804
8254685756.400304
8308353655.887762
8262776662.646492
8292658726.275316
8288384425.523968
8335992795.607153
8367145112.077214
8389695447.186462
8221645312.315788
8271472660.046859
8362835969.455728
8231544156.943862
8217131463.133065
8350042028.528614
8297912200.061895
8339087904.010748
8259764565.766765
8364636585.232473
8217876647.036554
8311804398.7624
8333963182.866577
8349592123.744378
8340150235.32627
8309300753.906834
8356682886.79979
8278948818.49305
8316882858.967863
8375953075.120855
8352067732.248109
8183861568.050632
8285978832.632072
8315205538.444073
8274889207.318234
8286431778.585045
8318846117.589203
8343814351.646505
8339902809.249386
8352530228.757727
8320697232.585226
8345897061.443878
8218529725.011074
8249245954.442337
8246800546.579905
8307906821.831348
8354872635.470966
8377606831.079164
8265344613.017346
8305748273.258356
8345902293.817841
8328628107.2533045
8237659275.256186
8388347246.571185
8361144430.636266
8238402738.437023
8364038869.36888
8312376994.668287
8318890283.408316
8092468396.191294
8287890215.888919
8293011905.9235
8343935910.080463
8308006990.093237
8338528014.963673
8301224119.877466
8303138729.76625
8353594671.610257
8276280311.08271
8274410045.635258
8369916197.506875
8338864269.249777
8330154960.938712
8251924986.889077
8333393549.834385
8342292244.354683
8332423471.62982
8335744992.468082
8314124188.617058
8316050509.886263
8283573087.184834
8233908169.618767
8346416360.462889
8301480833.871559
8279902750.84235
8261798599.691885
8356235032.345603
8366340647.466298
8179813419.590711
8105966893.507636
8321585860.240949
8256104222.935469
8228224825.784927
8361114335.581505
8341537611.626887
8341849160.057352
8293611761.016511
8271608396.743056
8298707021.088883
8342702011.902649
8298023521.64009
8263064675.418938
8319284706.924322
8321886142.518394
8262051759.357402
8347147978.458236
8358008284.254391
8335394746.579779
8320854780.594011
8241719863.269848
8331699785.565451
7928952273.201609
8379824187.891184
8337872545.597847
8212886200.486386
8346037112.118538
8289849224.377363
8314909047.866601
8350184482.81344
8261024108.15716
8358830817.924153
8235864947.16736
8370283784.972139
8383644793.784773
8350776374.863358
8309515189.005665
8264587757.025637
8361648797.353485
8356909067.181692
8269758143.288111
8324979218.612195
8260308322.088972
8363607434.004278
8324117881.050676
8372851319.0331135
8255902835.540871
8306684363.907608
8152612535.177239
8372784163.582214
8283820059.456766
8356109820.203148
8272747284.408295
8369653120.8932295
8299654073.471088
8275635770.120559
8380736268.5706005
8321627394.631521
8397761194.711275
8406863917.561977
8268879896.387941
8358079009.505425
8280736711.205204
8253913686.122873
8338102265.80155
8010369363.297311
8294253986.658188
8380843242.639317
8357539928.027444
8358002202.600702
8373221982.595818
8267759055.155296
8374827451.7917
8380146426.582105
8286229337.518234
8245338364.097881
8323640147.452539
8300979656.401003
8340111994.81081
8378066058.466541
8326811675.67493
8311082914.477886
8315594568.336727
8386303920.681019
8368820667.68325
8314261165.959549
8293070469.248816
8290943905.689684
8310937815.393239
8255487997.577603
8262543698.712172
8345176215.918134
8264458963.007828
8333083295.716784
8299426483.350512
8232133080.3293915
8343942759.191147
8362097217.769896
8283473769.22915
8288093206.790533
8128554426.415469
8331161933.556584
8279913331.657784
8375448797.313713
8297962697.336653
8370874710.895468
8317969220.529645
8186221739.412791
8199668846.718353
8342227626.506329
8125554161.3179245
8360924667.520893
8290184944.987665
8315479391.566393
8232172713.5720625
8314392871.599741
8338950813.641753
8318249552.333006
8336789588.246755
8369338299.334405
8333228779.856681
8316850829.614298
8228036715.009956
8252735631.734945
8275829757.576011
8176897818.862251
8369539705.84195
8344737711.327942
8302819619.424937
8162590369.060192
8355809611.476704
8374128503.453732
8210989327.380081
8297561496.478616
8212038333.206118
8362271730.855844
8374860489.350285
8333387813.416981
8318696793.236866
8314120859.941299
8272372114.880943
8353714570.855947
8343241061.799653
8368632461.338511
8281394477.117708
8322460191.759516
8298262214.410032
8274907881.230395
8338170482.418662
8384892461.673006
8356610117.272959
8290302433.2460375
8340848313.478607
8374247971.597155
8319024024.003726
8344182935.702768
8292640954.832619
8340680108.238068
8278576357.636423
8235959181.834019
8321967146.220173
8236266127.736344
8367986424.487577
8368590930.948761
8267213832.33777
8280183656.54327
8324359178.201003
8317637472.609982
8343028092.30825
7971960264.321789
8364246814.259812
8308728545.716042
8347278887.9506035
8238113324.103703
8316906062.8605995
8249446695.012587
8286523724.8384495
8358999959.943496
8381631242.854647
8350405389.193211
8318694155.107222
8294728414.224325
8342686163.266317
8259112246.671112
8306384742.005572
8353342845.295046
8354297926.581282
8274499261.768288
8367665761.604359
8349408991.44821
8345380302.538931
8139490356.523223
8367718623.283936
8364546529.791339
8268039363.021801
8319493616.217464
8327421670.590998
8362924445.232868
8193853993.437521
8348688679.737145
8335950719.320055
8355257869.167297
8367962499.212558
8275745674.024079
8346827427.37579
8283410986.531862
8367719962.277328
8299021804.403151
8264694953.229682
8272979753.397146
8248307067.912003
8137893631.762943
8297719736.176529
8357527545.954563
8306251859.67977
8299064312.656604
8322130424.466687
8340621470.042484
8349416585.335091
8302679701.593499
8329815446.139179
8272326692.766922
8189645500.178785
8250818452.598616
8266814338.1817875
8340766666.553324
8291478693.776814
8278183037.915789
8273698850.422499
8251091546.14226
8374601268.877708
8228881095.8526535
8360990333.2516575
8351861187.926784
8330010649.402365
8367107749.996845
8327887036.461378
8354949227.535437
8357488611.792902
8240306423.367029
8338828769.680638
8402090147.062717
8239986976.384371
8347558540.276848
8303780856.654595
8153239172.765702
8196197729.954533
8334405290.503211
8340816017.264793
8330201453.72317
8307845382.569185
8410918081.49843
8337282886.3177395
8272592134.123806
8236441980.049639
8296775525.476273
8277641163.13446
8296664195.856169
8287778984.372045
8173063606.315239
8348462342.858769
8310053318.406733
8280229284.559528
8246207671.68722
8365215093.628241
8283549774.441396
8121934612.002617
8382091421.642684
8229561029.713733
8375325787.966671
8375446257.549851
8351135749.236675
8246732382.950973
8280066820.949807
8355050231.666475
8332367693.559092
8368963001.250408
8200054515.964632
8387540948.309057
8388770622.298294
8293391310.676884
8315350977.900841
8268756959.3321495
8371212858.200958
8272317657.956357
8344481023.763012
8363400136.96311
8377660199.770683
8304858328.464728
8258873472.800734
8278479985.529011
8351080321.394888
8331926228.239236
8351926608.967186
8320602819.632807
8365426806.26651
8213533587.322618
8357190936.466925
8222605341.167276
8263980615.464205
8362902117.959835
8331213692.102886
8390673540.539598
8368734870.191704
8120940909.671047
8081149460.83959
8313367170.953903
8257920531.8582535
8374751279.207316
8291340117.880504
8249486356.37429
8358924760.116601
8360410935.366461
8326818677.398598
8289921592.900805
8356361813.390562
8345965148.319499
8252948270.613649
8295542899.679281
8338154549.397238
8233964159.3483715
8403667787.655499
8300554117.747165
8300576911.972204
8330248105.280267
8281241114.76526
8341873549.125359
8306108352.996269
8238320331.992889
8349376398.708521
8389114212.075951
8312905197.112136
8401780534.403065
8205865042.552582
8357851077.841978
8342366650.945705
8277397757.376167
8150440228.982697
8261399730.895866
8168013377.829817
8289395669.148875
8339184106.950747
8352347003.467344
8324714354.739754
8347622374.986414
8358195257.4596815
8276196051.756754
8309547089.44441
8365838552.257196
8336427338.957265
8359960491.447607
8357927284.185785
8324885865.248518
8274089166.01577
8297426990.232668
8366645538.829845
8270249312.162298
8343163230.698078
8349345576.168206
8374278418.216604
8339335412.751722
8304007182.034215
8118264686.18479
8176322748.181353
8316506079.651138
8229775398.539473
8378937719.809526
8283248222.992916
8342635814.5940075
8203190712.791098
8362757812.385239
