8351906435.497833
8355520540.979451
8319388660.030371
8315227751.608834
8352901896.384085
8160029302.885785
8325347126.123129
8365671580.048517
8385962397.724672
8359227344.089521
8352467340.26759
8312102759.181469
8223687877.587452
8376060109.438498
8363603139.489883
8315930680.835266
8358524040.167167
8377102369.128016
8324530792.551783
8358205937.772654
8318099897.923475
8354673302.531607
8292891139.8401985
8274342736.482595
8357097096.611292
8369178942.977161
8366438369.18531
8318339468.200153
8289328017.881308
8302989052.229902
8242194725.620993
8374935811.926569
8342937840.235711
8181749859.949841
8349328962.980103
8387386492.674892
8373018587.076285
8359618356.0242
8340936733.890085
8369014004.738107
8344187925.658163
8361336207.919907
8310282018.490024
8251405533.368079
8331349453.016966
8366025228.110369
8302896804.953727
8364300790.705198
8343155157.622093
8360211772.353656
8315856080.1687155
