8374592201.242586
8363355288.753641
8358243467.962582
8335435979.009157
8341911288.227449
8363050082.670149
8254070965.694494
8351562001.482525
8321585830.302509
8356100962.107761
8358533603.138857
8343474567.762678
8352124368.281468
8354960851.670315
8313495481.310831
8336075754.134645
8353848654.5051
8279642727.567472
8352185061.742855
8311638524.763548
8356332827.357891
8308975293.847128
8350704723.104264
8303031494.883389
8380761536.149124
8325153281.394865
8338585721.436122
8370922689.192728
8287876514.386333
8343038249.837402
8346337456.198689
8308577782.154194
8312307642.897923
8341636919.056326
8356014085.953299
8364092839.283324
8321751722.557472
8362583519.640421
8270593256.577939
8384967100.492953
8327232484.654585
8348610824.942379
8344287201.345438
8307158734.514614
8371113246.976011
8301290474.40875
8373915764.582096
8358259672.627865
8344690983.05027
8316288712.117802
8368784102.395827
8325125465.783171
8300373580.432564
8366681044.250593
8344367359.957893
8335012693.410428
8388531650.605372
8353732066.981663
8365354153.2227545
8250640138.444986
8286834373.023896
8342455130.654236
8325340994.765679
8379114051.90769
8362081990.443192
8313768037.295673
8374909634.736573
8354020527.964926
8351491367.227618
8347634491.845026
8343130334.597702
8360674444.98317
8368155649.254015
8343727515.871595
8355538040.773558
8327842931.489847
8351678616.086466
8382700766.418404
8321547736.55532
8376922735.598286
8330756824.061802
8352801519.795296
8368785670.887993
8347540340.237455
8335754595.93458
8351276355.134906
8373127994.861326
8378736453.07684
8322942505.691233
8303554301.267371
8360259587.150768
8315867328.74222
8308446817.4180355
8372818645.16753
8342080522.330133
8332070776.628165
8366952865.177953
8354710683.844473
8364567116.423472
8342994769.556932
8332048425.786382
8301158712.565587
8314113199.19967
8357080568.231527
8334732909.687187
8341214951.97159
8313411584.228809
8360605403.833046
8339512973.2332535
8320879469.338047
8325028263.0608635
8340080578.935003
8359858828.262106
8298526366.130323
8374622837.253981
8354853434.064175
8343995208.902662
8335650823.321384
8373992210.216686
8377688717.842613
8359280784.161476
8382305970.663273
8326105870.444794
8376960973.838348
8326851884.104381
8351021285.738468
8379358508.630606
8322447251.573197
8333186932.047572
8325821758.395433
8322663260.38307
8349915496.642374
8213172378.149405
8322237590.418667
8331736477.863533
8333954556.038117
8347547825.751905
8333186475.854189
8328013387.631939
8356186315.868594
8349790160.101246
8337626351.095966
8328640885.711769
8350020586.59792
8355809345.3790865
8332679151.233401
8349790220.964499
8322668674.7750225
8344407347.451238
8383892898.635912
8363630994.922246
8357977505.283813
8354687917.969416
8361551240.828015
8391663018.780809
8334506051.648233
8297714360.358997
8346166029.091753
8357089772.425254
8264263659.585941
8343402355.029764
8405297974.538727
8344596775.161259
8276916169.325823
8363696450.576577
8358720044.759668
8344136120.050628
8366389637.631127
8301469671.7790985
8330346185.8882885
8404155853.008035
8357552924.874241
8351937647.883778
8378709545.411662
8246244774.345682
8341697838.683922
8353269983.648441
8349857669.600542
8275529168.133354
8365973598.278526
8340365391.754374
8351362109.988568
8309170811.048641
8339562335.698955
8331469348.535046
8359607268.771076
8323960197.457205
8294281947.248978
8336121966.290346
8369437512.589933
8284969450.942305
