8297326308.258741
8299015069.757161
8351665566.290191
8379859896.831936
8379565939.693429
8351906435.497833
8355520540.979451
8319388660.030371
8336472156.6266575
8286780781.5694275
8315227751.608834
8352901896.384085
8326860536.013306
8386133028.167009
8357634857.978727
8345554043.726826
8330868471.597761
8353311004.684735
8268628938.310634
8160029302.885785
8281904666.171526
8394484803.464898
8295451627.465878
8340601861.067247
8330487928.668566
8372421456.102657
8367530611.603247
8312758105.310118
8362320565.448137
8388771631.995056
8290093941.515642
8221820352.792676
8329944294.281423
8321827495.972726
8325347126.123129
8365671580.048517
8326840764.446957
8245889403.4198265
8357424293.3052025
8297000242.503832
8343356627.09207
8359652914.079586
8344995152.349768
8382004154.434572
8332861569.511064
8331234567.966415
8279085479.087433
8349427862.436547
8288773508.432578
8347929101.567608
8357363699.492377
8334303014.15785
8360147423.309244
8317935999.646696
8343459383.939783
8391282329.127689
8357979030.906117
8265859334.587744
8385962397.724672
8360402344.579618
8353025443.123991
8319108859.348015
8359227344.089521
8264388502.390673
8353531245.036919
8352467340.26759
8231713094.706397
8298076227.31731
8338200224.285548
8325523513.626907
8312102759.181469
8327511435.734777
8330045299.455492
8223687877.587452
8309643710.340841
8339684418.317778
8360476887.97021
8376060109.438498
8363603139.489883
8248889435.747098
8360935580.291695
8323016065.678501
8315930680.835266
8351285962.926996
8358524040.167167
8358558457.102642
8377102369.128016
8324530792.551783
8351594774.243435
8334975027.315605
8337579613.902665
8265230815.424091
8392226102.51709
8360913759.940544
8317221795.969753
8330643764.4074955
8341077230.366817
8335926439.815017
8353791747.497551
8303482121.447433
8358205937.772654
8336650699.318615
8304998491.594659
8318099897.923475
8293307125.471779
8354673302.531607
8317225105.399949
8385488469.805006
8329172640.757285
8319471275.988489
8353097297.2788105
8190258678.63278
8105753589.7477665
8292891139.8401985
8332557208.131911
8368539870.664956
8346662227.45085
8356669908.676227
8358186455.009111
8372358114.209469
8305791204.23801
8350404172.630035
8320109992.01362
8314260048.107719
8378551557.995132
8274342736.482595
8357097096.611292
8329784304.2982435
8334281630.47386
8296284415.989151
8322521383.167108
8324558588.988478
8350258680.671867
8337969396.786555
8351235469.91914
8389301933.424197
8265288669.19198
8322154099.599466
8351235333.714147
8338473126.635267
8325868942.465081
8385626847.376032
8351104468.747381
8347615813.232191
8322196792.246643
8369178942.977161
8366438369.18531
8331987754.512263
8342057180.850006
8288568048.428671
8318339468.200153
8328847206.443106
8317833185.170502
8336698789.915325
8341878219.814648
8335624482.443079
8328739711.962074
8416462775.501507
8392254715.034815
8365123074.761545
8348973476.644964
8338684787.548679
8404915080.212397
8367473950.288953
8322459428.281277
8196608504.4394655
8329081579.7321205
8341832831.137787
8289328017.881308
8270770794.2239685
8367077315.457254
8302989052.229902
8338300569.574908
8275662218.347956
8350989731.132091
8353505438.257345
8361870479.691455
8382294613.940705
8285163130.087387
8146720205.019546
8327895359.467142
8242194725.620993
8288140250.334554
8301493390.957146
8347574557.5816345
8339955887.892855
8376887683.744431
8339701814.830502
8293212044.007881
8345035844.033051
8374935811.926569
8350972125.313433
8343766537.280687
8317099940.812028
8346398541.193524
8329451013.318422
8343027569.598585
8344912798.218771
8358504320.263648
8377265776.401182
8264528454.520374
8353962747.854507
8372812173.142399
8372194123.044651
8342962918.667828
8356821925.493107
8346805921.823185
8372021652.691588
8324783382.098486
8318476550.248333
8319462728.472691
8388242481.896503
8337600459.2610855
8310099643.303162
8308399748.129199
8291178163.087649
8358931289.220829
8232775207.585843
8365279441.815134
8347775239.7681675
8348089509.867469
8290325907.8215065
8281754936.311641
8361433854.522226
8335694285.278967
8318860927.852308
8342937840.235711
8266663890.515293
8349453284.245289
8358228684.4972
8339068610.861373
8371718141.237228
8370605700.698243
8342486104.112198
8216345895.8178625
8362174569.168287
8320814364.483025
8358341680.0250845
8351865532.446029
8327461289.964979
8326744519.251877
8360098886.437178
8372775182.894831
8296827343.794533
8181749859.949841
8386303136.910739
8266849453.204626
8360272118.08192
8304971329.92518
8354785520.567051
8344405239.411581
8385247797.513124
8345512568.285611
8340992185.3737755
8262615410.760578
8391688943.251413
8301514930.228502
8279833271.164093
8349328962.980103
8315874764.093582
8413257266.373791
8330467501.377382
8325614087.118713
8328958612.626539
8312201457.519714
8387386492.674892
8365597051.715998
8337704095.072546
8374058898.852392
8172866583.610462
8290913708.510277
8328374019.853146
8373018587.076285
8288531763.52195
8267717684.071472
8371822994.372723
8299203324.217804
8330155351.323987
8305306412.754236
8299400459.523571
8355382446.269578
8300146192.506802
8350916511.142797
8330784714.208321
8329745537.533266
8372819622.319889
8359618356.0242
8340936733.890085
8369014004.738107
8339317586.3479805
8367228332.808611
8327724143.256445
8407332451.008757
8362514258.3600235
8284031485.76111
8318850171.093859
8181719014.526628
8360959415.140493
8363395829.897788
8304008724.6893635
8288182813.255745
8315033700.138245
8344187925.658163
8295525808.495138
8412417141.664539
8379849594.198196
8358362997.14817
8330659347.983252
8327457146.029478
8273729178.052961
8296780290.150674
8336988211.098146
8280980585.147213
8329067379.66453
8361336207.919907
8343460748.213301
8299909679.478181
8298885442.430229
8331750370.216559
8345040102.056105
8310282018.490024
8384053004.955755
8370610819.487224
8377477800.578174
8306285832.3249655
8372582512.400879
8319301049.157188
8386791560.422476
8284761922.13571
8299688657.951208
8285776873.588453
8199551027.498644
8251405533.368079
8354096024.988351
8375989244.777927
8365750551.41054
8345263435.870706
8337595761.918123
8334974895.906002
8390562919.627525
8282570588.827435
8259574024.26911
8344935346.775385
8380725418.865814
8326528415.958017
8330912242.565657
8296397457.944138
8303828787.274482
8395652449.961481
8276320237.16049
8363836502.977215
8371431049.991161
8331349453.016966
8371354870.239374
8329018190.789806
8329379626.351509
8353434553.617985
8318459534.1975975
8333675699.607752
8329497000.391161
8373113909.8934
8284844896.118435
8310023498.311073
8348815374.238871
8296476777.739609
8334626884.10944
8295240746.676537
8356799225.312152
8349576499.541323
8358838022.877861
8303404222.7125635
8326177545.405853
8378575071.612707
8359500559.585775
8313855816.4172
8335199245.973254
8366275252.951845
8312579955.137615
8349264440.254248
8326917107.885688
8338922760.979595
8304974162.05262
8366536391.487076
8344644115.480415
8370281838.04879
8351486212.111463
8330212108.439593
8381793122.570749
8287173965.81894
8334344487.74177
8311135022.425667
8339952826.235077
8369345555.104008
8355655884.875767
8333407565.824547
8335027526.3792095
8360982390.734894
8325670028.304056
8302008352.681544
8319931482.986382
8306803818.033449
8235851362.956171
8299449651.049115
8386274608.399895
8320022790.709173
8347971759.209892
8316277919.755503
8354292197.415603
8319057736.928114
8366025228.110369
8340743025.689062
8336549660.564106
8208185983.771162
8326497039.07222
8320224005.045097
8178916884.418542
8376657398.480197
8369287895.761509
8345929227.486263
8340817629.397501
8319527463.458557
8325392346.807089
8350181030.9435005
8302896804.953727
8211888152.555584
8364300790.705198
8341478181.792383
8355237172.042629
8358491527.703236
8351270107.698933
8355590692.081219
8363181899.095606
8327517685.63144
8378559003.478731
8318431774.660961
8324142644.525084
8360298833.561224
8374031003.357171
8337888125.4368
8359434247.418417
8352913523.456879
8369963009.748863
8366425702.69897
8343155157.622093
8361258272.505426
8320740081.74749
8256938810.097792
8275553153.094706
8279320370.700085
8326479609.6782255
8299029200.45401
8286212242.76392
8352187593.739323
8386271245.544521
8216791391.860775
8357256805.143955
8286419346.0631485
8344107816.093753
8267518238.1883955
8358695509.482454
8225849206.808735
8368824431.594327
8360211772.353656
8319753179.556284
8304642230.048576
8296831399.762089
8374577375.862223
8365431310.638046
8341642151.75535
8264800223.442759
8336180080.356007
8307195115.34363
8307148866.500271
8352704720.017368
8336833017.629257
8291042280.583946
8328944023.114969
8315856080.1687155
8333629397.458986
