8232236596.788522
8381110755.428341
8363434899.019213
8313299757.093469
8327252596.851182
8346644741.435764
8209060376.280863
8364665234.588102
8114791684.247446
8239078103.860054
8346014007.405891
8374467650.235041
8313094343.181432
8373368577.660206
8285532146.839759
8362863750.261699
8373058954.576349
8382676945.118168
8323339030.095348
8386727951.001966
8392237508.019485
8227054176.730634
8364036958.772147
8345693380.813324
8355313055.580746
8355548517.501759
8342701204.400632
8332827188.421146
8372082507.914385
8288364140.755455
8311802197.771375
8353047687.132269
8291412561.697462
8228137965.690538
8337711437.280432
8323372839.427063
8323443530.048998
8387241939.37406
8314177454.996929
8340493622.523132
8323656546.064051
8367674005.312363
8347492924.933081
8371298520.911385
8337404996.559792
8328864151.391115
8305624293.96755
8262826831.310837
8331368383.788994
