8266530965.047457
6357212888.77631
8045904574.149736
7550801564.5602665
6464845572.060252
7960904277.644253
7442051496.101721
8178718463.816135
8304916096.980184
8329957037.657062
7531074622.279123
8125293915.5250025
8072777946.047985
8162441717.099392
7680568618.063501
7426441621.988806
8252509561.332257
8325528575.933213
7593132689.88916
7760329774.8923025
7579718297.32503
7876151376.747705
7880626846.619915
7550107371.941467
8053832043.496853
7267668903.764658
7198057292.125578
7047433645.653356
6854487274.7877
8166372312.098837
7387182173.904554
8312212904.730562
7782490716.098745
6816212725.414834
7781624361.794979
7973259849.618103
6382936361.069291
8328039003.579744
7904338064.321735
7903582692.110933
7087572642.103609
8330244861.333669
8319331610.845166
8279457230.668099
8140460698.66341
8268048106.454921
8276969848.9421425
8174258825.0019245
8148317602.4973955
8364331279.329592
8241877492.206856
7695335894.918238
7266394937.229096
8234374950.452851
8163964224.124647
7945113953.568219
8227223464.530163
7894555137.64889
7238796117.803274
7182217144.582777
8129690137.952343
8298714032.302576
8106304597.10265
8201954235.317775
7948658777.071341
6669931274.618383
7397148667.426028
7993673907.184822
8124021381.792294
8018874726.106836
8105790502.256084
7556196192.58612
8131198327.087591
8032248406.392624
8292364794.936021
7113668304.723843
8286266296.624968
8326459164.43303
8347253053.93243
7922360812.355686
8049923480.862948
7441077563.214863
7884512916.113223
8125377637.732672
7698903341.691248
8184955949.085531
7016696265.961017
8092583447.734102
7443285804.771517
7940795614.877026
8330449974.059027
7155493604.44672
7995210284.5153675
8144781226.369416
7725287359.280173
7630988606.484805
8256447930.4682865
8142218425.148336
8280544771.812575
6284685417.746435
7645000074.905028
8108261831.025935
7898587369.484701
8301251367.60823
7486269730.696196
8371491167.816225
8176139081.178827
8244758932.776338
8059933782.818904
7861597182.291054
7036313665.985991
8132232941.434472
7578081729.51605
8356535997.919198
8267313882.485794
