8335321697.807159
8356758305.303293
8278167481.088978
8347088756.031694
8310361052.498122
8344753554.417138
8125706182.590281
8353151309.221645
8352770024.662014
8369192180.066115
8370871001.649448
8232236596.788522
8283711309.122843
8339859990.947655
8344410738.383301
8349569260.105228
8381110755.428341
8286489961.347626
8327904784.342108
8374479718.59304
8320646049.685423
8348170527.993675
8165981371.35221
8311705342.982998
8324382679.027152
8363102994.220537
8166899036.632756
8220491510.779514
8348725231.76849
8317577982.75302
8306692875.059265
8350776780.079973
8340667773.137312
8363185573.864051
8320062378.87623
8305138045.489098
8338850400.250046
8344691075.160147
8332397178.059516
8336484350.430851
8351831133.623748
8286453098.558412
8279748195.928039
8308482588.664143
8308187586.575038
8344933053.389623
8260474669.657884
8367510360.605622
8355858606.591561
8318296958.228376
8363434899.019213
8313299757.093469
8308026635.528578
8327252596.851182
8363651556.224461
8341150871.828077
8359285598.447838
8356970141.106146
8293949783.547052
8272631380.072017
8323477733.088194
8335622434.395145
8320718539.441313
8341498820.124464
8363504287.287633
8313451402.168555
8358608446.00671
8363076782.908651
8337193713.827551
8335129469.907538
8317708408.934348
8326540424.280462
8327973095.053883
8320704768.972315
8285468017.404715
8379325253.486921
8233148618.915816
8335807836.469846
8332557409.116301
8346644741.435764
8347429381.810794
8293934384.617344
8338171460.390409
8316955779.275475
8343461821.287914
8355988411.277121
8383754224.881725
8353747007.515284
8309719600.895542
8307045093.716013
8313614610.637781
8276890915.888283
8387646970.660934
8345619434.589142
8354624998.634178
8334960754.625381
8307901814.04958
8333100082.084923
8333513386.776245
8314878608.152407
8262304875.587046
8347490844.036823
8241057519.286946
8245446982.354667
8342618149.753126
8322378908.739954
8291616853.265812
8311789647.900108
8306617695.762468
8344279389.624575
8308267593.71276
8331688451.156713
8381922399.657623
8350153849.756958
8326121665.759855
8315341952.00699
8209060376.280863
8364665234.588102
8340807498.653428
8256729424.327265
8342217106.951527
8337539770.291483
8311218402.455851
8333920047.750109
8344707705.4661255
8384015958.649492
8373225719.287905
8356548940.356472
8301834287.61985
8379278725.056856
8357011078.648479
8274021176.121803
8114791684.247446
8374553864.961712
8363277664.733889
8266493879.923557
8320406346.087584
8352250984.456118
8366805638.847768
8357939080.6653595
8309059273.595399
8239078103.860054
8380181824.371885
8291514099.80644
8321018800.594982
8349555972.503238
8385945301.921907
8309407556.783289
8386073838.451862
8280532489.435589
8326341202.283128
8279225018.934141
8346014007.405891
8376386643.867869
8349428494.955898
8323883590.617175
8374467650.235041
8345082769.874487
8364369940.640576
8270464862.254295
8331735242.018238
8351134012.081127
8293159938.966938
8284446452.569817
8374671021.295797
8340179967.775626
8362797187.438145
8348578453.816421
8305145779.947281
8343737139.461626
8331837628.169824
8355094101.357771
8268395954.251226
8383366036.872402
8327831084.989971
8282757722.268837
8320649848.918973
8343400898.017691
8336486145.162714
8285423445.147675
8321195678.2397375
8322432453.347353
8346565449.490458
8335063269.38413
8375925056.611693
8382298468.853699
8304230355.489019
8346780763.88397
8259167530.548626
8347925476.195766
8318474376.549826
8349544800.689046
8336573283.288101
8337206697.550514
8347611241.989807
8373925483.267938
8320196899.255806
8356710137.382732
8397508903.011908
8313094343.181432
8359944627.38434
8207491919.049271
8338966782.881074
8284433661.30582
8327782183.604127
8329088585.6635475
8282553428.524086
8305159968.712116
8368292105.510345
8373368577.660206
8321332777.392868
8325691756.568833
8280878498.726721
8246907946.662441
8320922663.542694
8285532146.839759
8356304616.16264
8295668744.951412
8361544027.464432
8259690073.854919
8329690280.016451
8354139100.122278
8372779280.188112
8291746548.732565
8317567811.821346
8374484290.39359
8352948007.364094
8394849688.873703
8398603798.840994
8355286356.973363
8272063745.85503
8342273852.611776
8383425355.36388
8379754650.436753
8243779073.860076
8285957422.302282
8398535260.606298
8353252940.160851
8324863859.668562
8358626083.634127
8345713623.335756
8321766417.148303
8312822922.480455
8306056372.650722
8344314615.222789
8397463839.958899
8330417606.032379
8333917936.694307
8295915905.182159
8339819709.555418
8257417250.831171
8348922948.746395
8343554743.806012
8338904989.476122
8214282693.6480875
8304541992.499827
8364285396.951988
8311341402.619109
8314034596.4095955
8357200819.153236
8319951504.070835
8290944326.942118
8353030885.388186
8366100130.815019
8367963872.499931
8278219569.98662
8306048661.842957
8350250613.804979
8270734664.262217
8309475188.657519
8311360358.789644
8370782878.4099655
8323230459.942108
8345130626.667254
8362863750.261699
8368818230.486554
8367086098.477392
8339424082.192732
8351408231.214027
8366389867.4059925
8186850916.442997
8324426839.698029
8343932838.62292
8317055849.219054
8386987127.0107
8374517178.957001
8204607484.511753
8274623408.438914
8328175519.228434
8373058954.576349
8261400292.789656
8378633403.393916
8325747739.078962
8297351256.88096
8335072018.459526
8385303287.380436
8382676945.118168
8326144522.197959
8373798883.212866
8370193155.931759
8219560324.985872
8326477101.43615
8380939054.356527
8357792489.327346
8353101376.274042
8344275276.353093
8323339030.095348
8336184886.2897
8280636064.206436
8334224912.328295
8386727951.001966
8286808599.975801
8271739208.89094
8318903391.275999
8344340768.002274
8375011143.488295
8330991644.741045
8392237508.019485
8310394487.351994
8324114686.011341
8284940263.013657
8227054176.730634
8323561918.125655
8345504273.4642105
8364036958.772147
8345693380.813324
8373537984.424755
8379532585.553984
8213562607.303627
8348743317.906694
8355313055.580746
8382659092.542789
8343493835.498867
8384251123.454662
8343797105.324451
8303017254.928104
8324704181.397777
8382842589.587895
8315333087.276523
8300469472.848303
8358104086.621172
8293792401.918755
8323882978.224392
8286010936.62454
8359351596.779903
8318481559.978979
8329301331.089649
8351882297.081249
8383273916.320069
8360132640.284645
8360857974.311071
8227557082.295998
8262157198.079847
8343987927.63986
8355548517.501759
8250834987.296724
8307136859.71966
8288193151.538086
8341306635.512587
8345213724.6547985
8213700612.758896
8333871939.223002
8268421870.426552
8390531235.28066
8336934873.836709
8371506243.09996
8339031293.589745
8319502323.589012
8348892151.657339
8359316590.607634
8363690235.650476
8366936627.89092
8294384213.325424
8260210792.706352
8141121375.083939
8324822825.057823
8334866267.83036
8175252032.440372
8345048285.172122
8248686773.631441
8309096697.61844
8342701204.400632
8326191967.379973
8388389794.695381
8317677316.101217
8389862776.897253
8341328368.601492
8294044185.145395
8378258758.316004
8307660053.09665
8343407741.362358
8332827188.421146
8328883899.554127
8334386783.499795
8248732218.062548
8316576910.202182
8372082507.914385
8318042374.098026
8363163624.12489
8354235670.306426
8335973304.047319
8288364140.755455
8329446043.0500965
8353222957.965649
8348878922.367895
8309409731.08836
8311802197.771375
8391831086.271889
8293083286.21882
8290545572.420494
8360261332.023411
8317213493.212124
8363001172.251604
8359102297.7663765
8201870474.325516
8328599266.635335
8343938792.480137
8371004691.181543
8335663163.972282
8318356487.688543
8343140107.41511
8325191034.695032
8343335795.444494
8354737898.780346
8353047687.132269
8320511460.611474
8381344151.908657
8368119505.154388
8356378430.91958
8311039027.663265
8328231540.85046
8291412561.697462
8357534424.574059
8321145450.100033
8335889658.605917
8228137965.690538
8317384024.651814
8326957968.912309
8357844060.291254
8323158617.31422
8372197783.972419
8357467762.676052
8372321201.48045
8376508004.3397255
8332081234.395993
8119958118.883192
8337711437.280432
8385377229.519087
8332788186.65111
8294890640.700385
8349700911.30274
8344789260.890586
8402728084.889126
8359196439.878412
8323372839.427063
8378496118.454578
8264315292.775362
8364744403.464865
8291195283.5813055
8375327442.0961685
8234300813.307222
8354769412.446756
7981484540.303694
8202240820.877483
8368917287.8324795
8387628441.338478
8374814826.592501
8323443530.048998
8328913184.470369
8222589948.694561
8281732277.004411
8327756143.878284
8349625888.685577
8349573537.562512
8309710764.997512
8332667675.244973
8387241939.37406
8351548558.362694
8290117409.229635
8240592497.493825
8299866567.436171
8338000282.234249
8131634515.153477
8328725837.372068
8307016210.841555
8372846326.968781
8355219756.907678
8359765448.65559
8348334684.643444
8338078349.482369
8362522977.280752
8282101731.889217
8315877110.269268
8342915863.722485
8367986564.950312
8348855622.002716
8330956432.585722
8337148532.755486
8259911566.374634
8329368528.530737
8337459234.894762
8355645006.1336155
8307200120.396473
8270154748.466627
8331177839.074391
8347881351.236995
8334773840.0524845
8314177454.996929
8334788793.417052
8389580780.249945
8284901997.3955345
8376148250.2542715
8344791486.621746
8340493622.523132
8361538590.886406
8360630329.956568
8332029318.214426
8278714813.780411
8306609274.484993
8360702535.814907
8229262108.656174
8288606094.704601
8345080308.388401
8302486221.524738
8300592900.103947
8346186540.544823
8373440581.655785
8271954370.048178
8214243847.041262
8344256688.260956
8325699176.015831
8299536604.210027
8265895041.142242
8292778296.043015
8297008127.883083
8225320403.710158
8312106721.097614
8337646845.103603
8367555397.808963
8363520199.3056965
8339259028.635373
8323656546.064051
8367674005.312363
8360446504.611673
8257150763.4271755
8388076236.213329
8319176767.571783
8321729765.03456
8276294951.125586
8364204967.25741
8374938592.796211
8367941763.838003
8347492924.933081
8317664296.499916
8299597795.111837
8351029651.411781
8353381949.738251
8329646182.962868
8311472401.574281
8355278670.164221
8142358256.8578205
8280379952.477223
8351496521.641096
8367306985.982958
8370932028.143373
8326869989.304033
8368234759.3132105
8355278820.864631
8404922235.9767685
8386084617.381243
8371298520.911385
8332267419.004852
8286954291.80111
8336385225.136721
8346071251.408625
8390900610.060991
8392219433.949424
8298502221.745195
8347996420.637096
8335434384.61223
8333757572.465399
8330981731.731562
8277818775.379892
8337404996.559792
8363245016.490256
8362477663.854995
8291765933.952154
8247699234.732881
8323373040.531204
8384618152.118982
8328864151.391115
8305624293.96755
8358848281.6601305
8262826831.310837
8395383114.467017
8357621097.622166
8254508393.7609005
8274903904.440082
8233401228.841173
8368542340.538992
8359806626.850296
8391988880.062456
8360933362.993899
8369874002.615671
8252860867.363613
8385211357.427116
8323105251.295939
8354681222.66652
8352638186.947261
8402230083.347895
8349394213.827692
8321002458.6535845
8345616576.6556
8331368383.788994
8300693895.835794
8341522397.872263
