8369109788.797443
8364278108.42785
8345397765.251932
8296799829.2730055
8348022342.540438
8368175460.764307
8342006550.32515
8332128805.2300625
8351971363.039816
8293924349.356234
8329379766.971535
8337901519.0027
8312423877.006836
8352030927.170103
8313561103.715822
8363658996.149011
8375875685.499654
8328333870.537481
8317619645.482334
8346526735.0635605
8389329025.366748
8357887508.595815
8316571488.929903
8378134823.11315
8324067686.190258
8362832164.80962
8372976116.171074
8358248300.759244
8359430725.503433
8348838889.077934
8340296257.206371
8368744007.721519
8356875310.011298
8332684376.304812
8336807654.046358
8339700378.734766
8350991514.768201
8340801571.840094
8307697972.44626
8364673931.045977
8329221477.609861
8358142077.839117
8337116248.461937
8344038022.594475
8336944594.53739
8352682014.261221
8313412277.169667
8353552126.766542
8323155370.615232
8367637344.399115
8346085675.55205
8342665962.702913
8366227280.361847
8363133264.036554
8371857618.551155
8329270507.370178
8344883065.524389
8362342788.449347
8384850811.290543
8377310400.992453
8375881471.815383
8331048967.435167
8326019892.885893
8384090683.599169
8359703585.995262
8300222506.250879
8337835587.905475
8356448442.350394
8384750092.195852
8348981402.76824
8382290867.953933
8320222170.40238
8347642523.414759
8388798690.945421
8334468276.320071
8348966193.305625
8332949120.957991
8365497697.243235
8343038109.760452
8392949739.577679
8360401062.869387
8340040486.596125
8350020623.047855
8345205477.102755
8325715320.519316
8385271650.480858
8288212371.480685
8381621592.874636
8362933956.514339
8300136117.471741
8336124103.36919
8373047852.709823
8355629236.232008
8346755213.138366
8349022574.549189
8350130469.023933
8372817625.541092
8292093455.930174
8323770343.525697
8312441052.210308
8372765260.846153
8342995182.315245
8318388505.546192
8345199704.41171
8336985751.939994
8374237020.538151
8364124523.363241
8334290604.766221
8344887146.295181
8355375961.139406
8359255398.344033
8357679559.047594
8265942056.511026
8324643966.788778
8312656609.280593
8313905429.685175
8371308715.9304085
8343688811.3979645
8307052292.811318
8321860570.488857
8322431413.773403
8354132888.644142
8355636497.346946
8320099847.462229
8362680796.529324
8347637665.252476
8349269129.291355
8361916091.835314
8372214088.0492115
8316664538.586653
8321705496.868969
8294997465.244724
8292590239.483464
8337778214.841784
8380345056.958066
8353651935.0607815
8334203437.2586155
8368126376.093533
8360507891.799459
8338944361.366663
8265457824.02182
8360636986.22196
8395352757.343781
8328304240.377741
8334374233.51885
8319168040.721572
8366466821.5681305
8354937863.375679
8374486487.3344965
8310941321.536953
8187672183.3961315
8308350281.501809
8383585822.757714
8337713156.786449
8365888660.593102
8354968153.991787
8335000852.26537
8367021360.144833
8254402163.791596
8324472700.805517
8338899927.783743
8326024893.550501
8324734997.030014
8284246062.769016
8342190771.764444
8345566259.953156
8349200181.447286
8330029893.63433
8337830002.142031
8342188661.002895
8345977911.390204
8370680737.321812
8334215394.127771
8353085087.548475
8353063360.717096
8308872054.745932
8388613740.759798
8361767823.677196
8287477233.271536
8362981269.522281
8375104370.18424
8397731996.1340065
8371093574.238049
8319519661.870537
8335178500.723719
8303131780.465917
8293433623.236063
8307386325.055349
8358467426.419937
8197061340.883488
8236090210.56335
8309469022.251588
8350755521.165934
8338451947.506017
8367285118.514604
8381302656.382241
8388842806.962568
8315487712.04546
8337946044.727402
8263512473.403553
8379849374.4779415
8335696340.094857
8341456093.282874
8339103839.431427
8324540891.760086
8347187206.694283
8347294076.485878
8353152954.947091
8301695383.945927
8383003484.952925
8357103412.356901
8350154027.213875
8281826941.648293
8362436620.309235
8324817914.594382
8365535960.98811
8324834868.781374
8344498030.56535
8309357879.554998
8380125589.61002
8341884313.580893
8385048588.290226
8366432237.6142435
8381547400.251347
8324982722.985496
8297088384.957062
8358587959.069433
8307733641.553893
8338375537.302145
8334122145.837751
8339462537.761747
8369138758.173437
8357160436.4283905
8356956782.654475
8366637127.252714
8340685121.118408
8328330752.925569
