8363791899.859291
8343101438.758104
8181528244.053711
8327741670.39181
8358158509.584575
8330063779.527054
8325017793.264812
8337990310.162746
8319163571.555971
8322899690.026662
8381818481.403083
8313941004.69091
8320672026.901583
8220914852.740818
8329263626.112013
8264200718.915389
8264560634.365282
8320534179.886562
8178313069.8972225
8394423518.817776
8366417556.3221245
8351371435.6024885
8291010830.608759
8332540320.075453
8369185120.705112
8249407173.878896
8289093984.010824
8279401277.538385
8149182346.437723
8366270272.709782
8344831771.195392
8298050235.45916
8334840158.123255
8325221583.711743
8336203220.685278
8277570242.69416
8331095543.572681
8148015137.613322
8103804524.102682
8180610004.455471
8329830771.9631405
8165175786.207489
8278553206.062715
8136393044.536379
8263242517.122459
8317103570.238653
8383074260.135532
8242855469.641186
8247038429.418604
8280509206.952643
8286182091.005358
8220922412.632769
8369484012.397587
8271216196.901785
8357965924.471512
8282782432.009271
8367375423.582655
8303324598.439799
8011984583.040314
8292931131.169117
8155717221.400104
8318265988.80933
8041364043.896002
8221496403.21138
8315770296.905492
8292051491.343243
8221292039.596785
8101124148.721415
8354378057.902451
8358285473.34481
8288613840.884469
8355798894.014391
8327296223.086531
8099612212.459103
8275997893.721754
8287197876.479951
8371358708.1525
8030772402.056437
8330362370.576993
8282627925.479538
8349184019.7514
8353442751.170179
8392416278.2862625
8331772318.592993
8242887037.747782
8116094376.139839
8102382275.938683
8344440545.400817
8274016497.035722
8328758075.642942
8277935522.291824
8354327727.137482
7929693942.268677
8321670236.857555
8215090974.7838955
8103239310.00012
8193521063.273825
8322591904.98796
8318017813.6436
8252306503.623607
8334560886.593882
8367210015.370865
8211097609.192656
8255527832.932505
8280064292.775118
8331410991.714558
8343402055.547755
8359753090.641529
8340326011.317722
8313493615.357899
8098977201.654554
8353511358.61249
8205474624.503157
8258776684.428234
8324639347.979887
8158547703.342269
8351931829.669449
8032676384.887394
8222202502.455082
8300164811.641696
8159417830.342652
7950901974.04217
8366793311.588885
8355539471.083286
8056147866.083231
8203389657.763775
8277394772.812906
8123154678.299951
8325326325.024986
8359094217.54511
8346630056.935707
8258373018.297083
8346680687.122612
8287040265.110157
8322310672.677191
8231363006.664131
8341717085.835928
8279218117.5209055
8270395674.612558
8286973050.918633
8341477600.518198
8268555942.162087
8279857865.209839
8241066910.112864
8294983654.66033
8342081589.998839
8298963290.3368435
8381765805.860079
8362995560.656807
8237433704.799851
8339601283.918522
8354613318.388714
8231795531.668129
8270626403.489691
8097716935.741337
8308503448.1261635
8332833290.582303
8272027537.114708
8321769963.375768
8315516392.114646
8371500548.537591
8136903755.447281
8360377873.873798
8301791043.210953
8268723010.374597
8347876795.604923
8306269200.800109
8322268913.22739
8294482184.874893
8100152063.745695
8329625530.664696
8348912746.56991
8298049164.052145
8102114961.103527
8366571667.82348
8287082742.970369
8176107680.331903
8317307626.582401
8346128270.20738
8344626368.937713
8215972016.837515
8348493902.20108
8321951475.429131
8300780141.113774
8337416938.11445
8327948205.974293
8330830251.834845
8327159101.612509
8313911647.150312
8252691646.551439
8238495888.056164
8355915478.322661
8330908168.744064
8345376710.3741
8342323934.120678
8116672930.205319
8375188452.300306
8371727092.455396
8223542139.914705
8344523511.900417
8272018292.303647
8215119184.388445
8369972392.455203
8233907420.886815
8358489369.64122
8298760482.301385
8312505514.822918
8342805954.305135
8178846306.121185
8110795005.323027
8192611556.440835
8195509567.020318
8378578945.992347
8256330130.728558
8318890175.785421
8252147253.486699
8310779641.592175
8343253349.863012
8349774084.682281
8286828025.345808
8320918740.277895
8083781573.678928
8283671958.1864
8224063320.407913
8286702209.078569
8305555824.091589
8347333175.354795
8358899424.189676
8329701128.332191
8323596330.895094
8012318133.766176
8327909299.525246
8361554767.715455
8355711673.528319
8329756364.911509
8274523190.98857
8183909772.182526
8345165495.674163
8040877282.26219
8349886272.196372
8340169079.769159
8248570767.017143
8324818337.256055
8289601855.353086
8240141001.813347
8195875661.3112755
8282010769.7762165
8359895258.410846
8393455540.774792
8314062177.053009
8333087725.457502
8179561805.8279295
8231049049.927213
8373145736.039632
8327317611.939213
8286421665.118385
8342559026.872545
8277648239.1139765
7998722443.646759
8139152480.147547
8239737897.720325
8346122208.036487
7949654671.821209
8334019267.431862
8341992616.560211
8370304187.644955
8160111573.158656
8275663928.85618
8335561034.397338
8260258041.927006
8347799801.201208
8350173008.560231
8248863584.298216
8292038824.93816
8302388296.992001
8342439449.751031
8302916359.696287
8346417526.510277
8272702415.819939
8290865534.43971
8309172634.533522
8339949159.926363
8299045214.35502
8261781183.945013
8212680147.906359
8221259706.024008
8228952458.227626
8350821353.892607
8342636146.682521
8335454559.783863
8213511683.142183
8229724803.557028
8330816263.238276
8226994932.379391
8322128564.906065
8227420314.241705
8257857032.115816
8236637581.996925
8172354376.30772
8342513096.469255
8322077174.105676
8332380841.816904
8018482198.716326
8260275871.193492
8311532328.801504
8329681890.023859
8288927857.115976
8217672722.48641
8330481251.477215
8364751974.0379505
8273205087.489815
8004893794.52329
8263094058.707373
8334840322.741238
8260969880.775458
8357551083.869974
8279644362.289794
8295577097.884715
8161888211.962641
8357707068.038273
8272305824.495111
8323936395.740406
8139326456.00806
8339269832.696188
8305239274.542122
8258928717.068659
8303903605.036276
8359416897.440977
8344512646.407138
8105001389.238056
8286640773.762957
8366794387.918291
8306660721.03128
8337182796.958479
8363247056.942368
8244991445.667633
8338368297.702033
8266243304.018881
8165139948.545309
8111350730.527943
8369746881.113232
8285936457.987283
8226808450.440203
8341476449.275608
8361073099.564536
8308798287.764818
8298752048.395684
8257887395.037935
8301492947.803113
8047547436.738405
8249868650.997069
8308665397.421743
8129843816.819471
8375957157.202956
8219609376.400194
8293893256.56106
8227797781.384296
8341049633.841103
8310960163.444296
8293754862.5
8308102393.576556
8155237821.132396
8302721725.762787
8160624074.385371
8102887356.419773
8276819602.68531
8336422633.874631
8350289875.539659
8206548065.436792
8328462115.407323
8356766157.871799
8316617153.190519
8187438658.8292265
8322133300.432522
8192940602.856828
8299838499.069969
8277905971.782982
8334569058.378796
8211916508.611164
8370367065.729893
8337986346.088295
8178524286.497229
8338362929.140701
8299770542.307079
8355702850.559574
8257427903.916359
8366631717.702599
8196908977.649517
8320788170.890319
8380730063.260223
8218648573.026941
8368818965.837637
8241572657.605396
8314467014.824532
8328702366.004267
8357053312.529997
8274291098.238458
8287857332.014384
8316074330.687431
8336522777.147179
8375847842.645617
8214827404.262305
8340864136.291098
8377016544.96266
8337801529.963285
8226796237.9506
8346532592.092703
8167159878.666658
8271161573.22179
8330318846.745269
8293027310.757912
8303839065.229126
8312250264.591747
8360032913.419235
8286115473.149607
8347016958.003483
8250660395.565708
8388558955.8497925
8166364727.260311
8266376851.643886
8208895310.667723
8246073113.993067
8250240507.488393
8299175358.849901
8239993298.545357
8353211832.302828
8325691866.202772
8330737141.682391
8074831148.2795925
8229953917.493399
8314202158.037755
8363750580.170395
8263591050.390537
8350420837.197178
8151278214.933104
8212609731.863846
8327301513.818493
8326993098.368864
8348667024.760525
8353863295.712506
8359492836.594227
8346544794.251668
8291928731.7884865
8335329211.903908
8231696316.352717
8272446737.231096
8208361042.853468
8371150566.087893
8194578087.693897
8333587429.678982
8227490583.106957
8345684782.07312
8269465463.354706
8313158743.677295
8171023975.694714
8289966365.100813
8056728673.72872
8320824047.800613
8280212373.9869175
8298272676.460856
8240289570.269714
8098557448.716401
8202913318.390251
8304567614.528092
8356825657.937696
8300172576.093275
8051194621.499046
8318336215.762573
8236885837.355212
8094100805.796043
8348523881.757282
8244291974.946608
8315637701.778846
8258740955.002527
8221091738.678978
8339774234.207485
8310688967.094868
8304332696.784236
8350658105.811022
8297765250.850685
8275392421.604399
8368092287.334
8279931768.798754
8265772935.458946
8156467144.806585
8326397358.300524
8350343142.108318
8387950757.877977
8348004344.983767
8359763887.57564
8119756939.482842
8188249489.456428
8154524294.51248
8172071895.73147
8269639224.149895
8075930312.213848
8302197340.2640705
8321259089.364645
8297936445.025361
8208333965.317499
8319136858.838926
8323002022.119501
8357188737.236631
8211574337.5775795
8236118843.700392
8218571642.803108
8304815408.985522
8353508888.631583
8326325998.696748
8325669451.561491
8320994610.073256
8294022721.003212
8338975100.79117
8331291458.505293
8274209042.11903
8336394682.326036
8319300442.171082
8351932377.4594555
8302220655.04845
8367937449.823061
8138287962.2541275
8331762525.911029
8387743384.768785
8301989883.260477
8185864758.229473
8287096998.353584
8349066461.66923
8198655682.17152
8313341034.405289
8246008012.349422
8328778934.001009
8297760181.114619
8347096524.230555
8295676251.195696
8299980354.770456
8370509179.227271
8358611462.731832
8358584993.823168
8075043652.480818
8292677768.788563
8378600281.170069
8094681966.620533
8326394901.434047
8320649572.1126
8400545158.006502
8331156642.624512
8365307370.95708
8356298838.843629
8133864669.92434
8255740931.646364
8155815973.037416
8311084875.015007
8321109762.470584
8342411441.511627
8267946580.319665
8197400707.568916
8167481545.92728
8295780610.289038
8288110837.87163
8143105929.89805
8279281347.545069
8345266288.574595
8179914209.509166
8296680052.899283
8348179621.077621
8171774281.85028
8250915369.045038
8330798337.010139
8278058277.140571
8186191207.751652
8198025720.22869
8355929069.943062
8341202650.065386
8363345398.00975
8336272646.541994
8337571576.733503
8189023928.982893
8321582683.068591
8278964176.276716
8206549113.18199
8041759704.3111
8268750599.14419
8300580292.007729
8241150777.761669
8333617101.258057
8341245484.1660595
8336231791.920755
8377436542.136964
8326834417.835247
8230221000.462193
8337214882.718435
8211985711.450922
8303273955.340865
8188432311.020853
8391501887.357767
8333805454.441696
8196952350.625029
8214194883.844851
8332435226.141844
8364241119.750219
8178950397.520434
8281576436.792674
8316919194.781204
8226709567.766462
8339964116.854282
8200362002.36976
8258514151.287507
8372758000.04632
8346434087.774536
8294212324.271768
8383328616.073523
8359207425.885559
8336898536.5201645
8086457622.91794
8365635834.924553
8042474097.729552
8229494321.870281
8358352411.173727
7921119433.607341
8321320143.667346
8231195865.749191
8295340649.738386
8175141983.354592
8252192814.746031
8205849584.031075
8340161501.771699
8370437462.136665
8347625410.729059
8079879104.099617
8359449707.121311
8312521441.578769
8301151966.48963
8213645328.620613
8336012924.962324
8019149625.624183
8339307647.177055
8380876467.712433
8214215287.638218
8165390487.030562
8322864957.11681
7915944515.919056
8318433552.5288725
8335302712.701677
8365414650.19953
8167483290.708668
8074991354.138623
8215802265.730598
8333437128.895462
8356571569.203304
8330196045.0427685
8347850468.298168
8251785541.856071
8353654659.709358
8127016532.681016
8281529856.337125
8359099523.402201
8347483278.269588
8279967713.808192
8354623944.358013
8363058131.045917
8371681196.2684765
8259218232.458891
8253797734.881636
8330653917.471649
8351892568.608725
8295515508.130974
8185473933.070082
8329387278.800177
8286762607.232367
8299159935.257232
8352523795.056336
8343095703.812542
8363574584.981245
8361163297.209956
8222430777.823641
8327944502.225729
8323825916.024158
8243077104.201569
8363483191.650593
8224848050.848619
8100787042.400936
8335014796.481768
8135637468.591373
8346670865.569125
8346828643.706535
8342933460.787469
8378751812.817147
8369457360.379133
8396372196.224934
8323353167.355253
7940521678.295059
8198734163.404476
8290192756.668577
8260361359.01157
8297572056.974209
8307887096.374168
8303545048.42506
8384341016.530159
8354278155.402946
8306905595.889863
8309176660.626951
8301481768.336113
8212251071.7614
8296345027.705593
8240189066.709461
8287156051.676405
8359313389.902266
8266144506.95006
8295454312.8155155
8352284138.470649
8267453087.986458
8348085565.3423195
8164587489.102694
8325134165.914557
8300434808.582783
8288769265.438088
8254530037.533983
8379132659.263746
8321763637.75263
8328444166.179452
8335392184.263573
8307664566.340483
8288306405.5968685
8198464602.788947
8317931346.377871
8315163380.772516
8251461132.318108
8331236426.1413765
8355126690.69795
8283563807.216877
8293943642.604113
8346966778.990907
8363390818.418155
8371691350.635208
8288900605.205917
8185437336.532915
8295592339.78413
8294302393.844766
8281627066.388437
8126767436.266144
8322264805.460011
8346516438.192629
8360347113.096812
8331824424.238159
8348183749.278532
8176973086.679306
8191343324.930855
8260429077.048523
8319705608.727911
8172343207.649036
8344150907.234071
8253516695.752481
8368856551.680336
8350519767.003749
8328060130.685003
8257916887.722725
8336229471.324465
8358833298.591157
8232511396.753651
8361242548.225267
8182911779.954689
8314330668.482498
8367519883.403269
8379507383.439455
8205011034.054203
8294895719.799204
8083617752.501089
8285887385.295568
8154957389.986444
8342010033.978958
8178467676.224997
7981928509.729086
8341071656.806563
8260728569.996765
8268901307.480591
8323407827.749275
8239860280.288427
8178209295.587692
8297085134.767481
8314508309.913282
8385846580.282537
8379136409.868453
8290562027.172091
8317081845.552418
8241553948.097908
8222261882.750896
8211225338.927057
8289689956.388751
8233608428.428067
8203266108.626761
8192249169.310565
8316738813.378679
8281445582.60586
8325440394.737959
8332372133.344065
8355313326.96838
8374833091.386177
8154929561.290228
8293238463.071971
8288817116.228101
8365453871.254309
8294375795.122719
8337257559.746427
8367780030.793772
8347489760.208498
8274788134.543657
8209895923.470037
8298336557.252642
8254215791.544523
8367672283.707429
8324628382.257946
8320673235.834299
8367949684.8155365
8322564191.934811
8326815702.980858
8204793197.4567375
8404406033.321641
8364031841.185059
8290252039.087731
8361968152.96487
8325099248.113107
8255624083.20829
8320030414.8219795
8300201718.503107
8277298779.2137985
8364041324.486851
8299485609.107609
8387860839.552346
8190222461.275835
8134913022.836468
8257783642.509134
8204836315.051466
8340020567.717939
8358533485.516009
8338634627.438907
8320563943.740714
8310417713.476055
8257872943.285435
8359262508.469058
8245363793.668563
8360983670.725655
8361412859.791402
8190754901.436022
8333424740.918065
8179475516.378645
8144617968.188763
8331373612.016691
7918480272.445992
8154029789.0392475
8187754959.989428
8354576641.290962
8331213217.0347805
8350436400.126646
8221369639.5487995
8286037027.856068
8230766706.862325
8253085952.1008
8292163128.643023
8191273364.747508
8178752686.302053
8313783880.560651
8340780058.680588
8348340397.838573
8165105480.17013
8222661295.266039
8358773358.533876
8256520872.488272
8283280260.576878
8333065922.491808
8129986070.638317
8364258623.9287
8184222041.993755
8236934746.5178585
8269538683.969164
8315554250.890661
8343748374.4392185
8089311466.667313
8331969475.124264
8152001506.237795
8155013153.905563
8358341381.522209
8328919346.330505
8294852911.12549
8206161748.65734
8198344261.67968
8287512550.912345
8333483148.08801
8302376787.486224
8359664632.495035
8315500069.223438
8127031330.870073
8233568302.86731
8211660143.164501
8264715854.395346
8341643275.007519
8373276026.59226
8338602855.580875
8316381705.915218
8289254425.239721
8180674468.3200035
8364855161.272026
8348501518.732206
8289110355.66646
8310377370.962442
8384742654.445578
8224952767.2761965
8346314154.262427
8278295885.773216
8336375647.452494
8288530722.513224
8200390739.289865
8215045481.658505
8376373782.648607
8386068882.893446
8161248988.392933
8350109318.990343
8250364658.109434
8372089828.910559
8269980646.844744
8338973813.751341
8352967596.799599
8376090658.452982
8300073834.260157
8366238567.860996
8288361040.817427
7947559647.53186
8197483263.260288
8198410466.785557
8274447880.988131
8319647718.50034
8331739154.026821
8289930065.936935
8278318286.624056
8361336772.455338
8327225103.101298
8015172533.012262
8116695350.971943
8261496968.978833
8175138674.348061
8269393200.841133
8075655618.62072
8306107626.337185
8198603404.58042
8315502655.354943
8240467548.862005
8319186538.124275
8362955589.060821
8330296410.175209
8105450124.888876
8302563649.325281
8326613769.936985
8282201673.388348
8218937645.759754
8268986384.80419
8344429657.8755455
8019770928.99954
8253416663.094135
8182589128.44026
8175738439.870747
8349143101.936697
8281966129.662794
8353368529.119484
8180370415.854969
8362540526.959218
8359259489.066658
8280831819.100588
8298762424.034729
8356971486.959941
8370571572.249416
8277527154.301008
8338426712.36401
8196847286.878743
8276077674.655646
8331751411.80668
8344973606.566456
8296194188.66029
8193716584.462072
8336182805.2297
7990902739.43334
8335443242.509262
8287517843.6587715
8306068357.374882
8323897423.195612
8286823537.967886
8233965039.975681
8353037364.211426
8346099558.293861
8389483871.433424
8333586769.908892
8288032098.082842
8366916994.827166
8328503159.852425
8344401087.42834
8266243194.424501
8223815227.933297
8262899222.0215025
8364604937.958693
8366373246.408449
8367587798.534963
8203433026.689139
8373159422.477697
8368629129.785515
8093285186.323693
8305891129.035227
8288234693.868113
8237890556.980417
8307498072.658953
8332244601.973875
8258458617.851166
8281641036.094696
7954992405.359278
8344959072.484105
8344727397.3638735
8345000746.2333145
8344261997.758526
8306917387.364462
8196635740.162299
8367022171.771349
8297040176.024012
8174660067.474439
8355737001.573701
8259679159.640097
8284774922.578492
8325941442.423498
8361587545.126615
8193042436.047802
8345700166.526747
8252489573.108307
8319679797.560963
8097880070.273379
8313582078.249373
8266679304.319688
8339895806.085443
8357105313.914434
8284158850.630444
8211809045.166136
8367014171.802068
8338905662.236763
8147245952.578886
8230680754.710289
8296781647.80138
8212322045.711297
8317117415.8466215
8287255302.779949
7994361807.023331
8341670555.03899
8230138869.377287
8257343246.026899
8236980132.163535
8144263432.823017
8283863230.315462
8108486415.283947
8312311032.4811
8350001018.099246
8352844351.018242
8352483412.653794
8254143804.831105
8331571079.034937
8214975357.972181
8236962793.229771
7983928491.242508
8249299250.808643
8316635115.85766
8203947455.495291
8271125779.41075
8269303957.286491
8326058177.457554
8368789225.061736
8352194003.240589
8224689420.557475
8295585632.691746
8290468120.37252
8312134348.127632
8254014055.568726
8365827829.086546
8220201315.171299
8301830437.773052
8324531023.518848
8358455424.673967
8347182750.524477
8378185238.021564
8163980882.215731
8366498914.314732
8354450769.64016
8391079438.2337055
8280204315.5210285
8340046360.423281
7924684110.743883
8344400553.39631
8236748090.513659
7903069175.900136
8316499971.3646755
8287992461.666529
8169360934.95636
