8339159611.357902
8380079822.214916
8372701040.344747
8363985059.54303
8402150788.822908
8378333117.063765
8363117134.798353
8354817955.382382
8376071168.010385
8342817139.816803
8350569355.1630535
8344445526.563108
8383302037.856129
8375623158.2230625
8364418551.160062
8346176351.710277
8338693877.332102
8359937885.640324
8335539402.943237
8367611979.328968
8353318821.407131
8291022428.157284
8373821251.774572
8350185599.912615
8346535796.694181
8389375636.257042
8316279406.713447
8291487692.950207
8309217299.24366
8340614445.619636
8368597564.81998
8367594734.24853
8400595519.740036
8237218326.696954
8339856952.277479
8332585882.550598
8296774648.535879
8375710200.879512
8349324824.174791
8363120854.111477
8380948120.526358
8309483289.990131
8385500161.933613
8337937739.820945
8375211835.84856
8348175527.7749405
8373796238.795692
8354684974.594455
8319987780.177467
8345391743.291198
8342976865.150194
8311778830.299543
8322775076.054015
8344166853.452501
8302063703.089878
8370506839.39077
8341422975.669722
8340710345.544262
8297523806.543932
8282402133.603286
8337937066.224836
8369607270.105722
8365721070.423157
8342969141.671778
8301807560.696734
8318019473.65745
8352055925.16956
8362196972.295235
8340234428.856552
8352515392.061789
8347087366.330269
8354361465.312416
8229316123.411585
8350118091.712925
8300483462.936375
8323464262.758673
8340824616.043136
8315363299.7821665
8354357795.3593025
8324210631.617807
8368876370.206413
8249680839.000698
8355757467.771582
8344012761.518322
8379101791.345755
8365349913.546736
8360830303.103991
8300153650.311602
8366434135.616625
8365243682.956492
8321108001.470173
8364891033.63281
8357607456.033674
8332652532.94017
8356517417.649027
8317763865.051222
8320365199.760567
8370028766.678432
8348070640.178213
8337122276.976038
8376275191.612133
8352230570.690578
8329671694.905422
8335542398.833084
8363639251.858002
8314852434.2391205
8365238675.558089
8297435741.242235
8364868186.47883
8373919864.6263275
8381855639.938204
8364707885.635132
8369670680.305084
8370736647.485395
8274948882.462662
8380622426.082092
8345222877.959668
8326077489.49559
8350526956.605957
8339376822.509659
8342665453.265082
8320501529.566715
8341045982.580694
8361840238.297699
8366122530.132865
8314053468.162118
8286175717.746267
8382439608.3622465
8272191732.154079
8339346315.195929
8292710696.310117
8359783837.084553
8272401572.606129
8358815527.295138
8355456395.853767
8337656393.610886
8308440867.864859
8313383521.862297
8360416733.350318
8353967077.610722
8253439872.257418
8356839126.78903
8333844063.894032
8362315295.254421
8338386591.055237
8295402838.904936
8359198674.336281
8320823194.985205
8302832194.251348
8385220258.802473
8334539167.5525055
8376071799.609165
8352248670.269611
8380152343.403299
8243573077.247637
8336088298.149786
8363491040.884833
8278749741.466164
8300947468.312754
8318979020.737566
8398536317.788217
8266773911.0254135
8335758803.260291
8306466155.836992
8356546428.734081
8294333622.999141
8226458083.524845
8315052133.917345
8344356990.346092
8372709558.140139
8378911745.896363
8349334502.989571
8373674525.88983
8329343983.170646
8365837756.696466
8330779802.519299
8352248533.989416
8352877813.799416
8386363062.014556
8370073210.226906
8340109651.182703
8316419904.096518
8308584743.938985
8343305331.830634
8343008482.524981
8273062932.327326
8368597586.470854
8356463015.677792
8292931316.494026
8371865229.695232
8323765758.709914
8395447876.153782
8331798726.65395
8325998455.947697
8371626950.068409
8329370739.956425
8353001153.630146
8360806627.171356
8377603616.729897
8331050349.46647
8363481483.458143
8355117836.163195
8290328547.455986
8308855958.863096
8408337197.930704
8375270673.096209
8403102895.780256
8292730644.718256
8309473408.42657
8369646836.050518
8342159591.105354
8350550113.622819
8346903542.276417
8364848024.09617
8343047771.616594
8379615761.52738
8290004120.16361
8369937999.193071
8320872312.908739
8320617022.729689
8315140682.951094
8329802145.20005
8284694912.5883875
8358971805.276543
8349274506.720748
8250461570.995022
8338153525.66482
8342995982.138866
8327323501.653813
8321362221.633194
8257950012.930856
8347205656.833573
8307075982.004469
8346646577.129057
8358756192.123545
8352779412.482369
8380425872.627277
8359286383.130567
8342658808.304171
8319593839.396448
8356970081.801256
8360143917.209766
8354404832.850191
8368262040.403162
8341910456.25493
8342084694.17666
8373114936.149935
8359587671.730287
8339069028.0295925
8340563753.623865
8325793113.287415
8378050599.5547085
8334976800.114891
8304271001.16547
8375820582.253487
8324318480.681367
8356245327.890383
8382487298.071781
8336292075.968748
8361279095.270232
8323948361.138346
8375115024.149692
8386832294.070302
8346218973.623873
8307288950.459333
8343391789.392515
8377680142.985054
8312882591.318098
8324849607.85314
8316391196.8573065
8376561299.134699
8330093019.836695
8266418458.563656
8339477350.762205
8283363138.79764
8342169325.4453335
8325388640.577719
8330082599.505423
8361691428.498064
8398043640.533941
8304401694.9754715
8378522693.391775
8292635838.096546
8364867386.578396
8338033330.63212
8335382801.412532
8311094144.61688
8346559903.604252
8338127426.046738
8348067081.182616
8317376766.389957
8376920774.707943
8360245733.7090645
8361920329.742313
8220210602.580787
8337548101.225003
8311739379.02584
8354845578.531996
8325032185.012738
8306706720.675234
8342432798.079842
8362419838.173477
8363593093.218824
8338810326.638063
8353707782.963005
8370400477.842501
8375977732.080791
8357816981.629198
