8327741670.39181
8344831771.195392
8298050235.45916
8103804524.102682
8180610004.455471
8286182091.005358
8011984583.040314
8101124148.721415
8288613840.884469
8331410991.714558
8340326011.317722
8300164811.641696
8277394772.812906
8359094217.54511
8270395674.612558
8342081589.998839
8097716935.741337
8332833290.582303
8268723010.374597
8313911647.150312
8369972392.455203
8252147253.486699
8343253349.863012
8349774084.682281
8183909772.182526
8349886272.196372
8240141001.813347
8393455540.774792
7998722443.646759
8139152480.147547
8341992616.560211
8260258041.927006
8261781183.945013
8322128564.906065
8236637581.996925
8311532328.801504
8330481251.477215
8357551083.869974
8285936457.987283
8308798287.764818
8336422633.874631
8322133300.432522
8196908977.649517
8326993098.368864
8269465463.354706
8289966365.100813
8056728673.72872
8202913318.390251
8265772935.458946
8353508888.631583
8138287962.2541275
8246008012.349422
8299980354.770456
8358584993.823168
8292677768.788563
8337571576.733503
8241150777.761669
8336231791.920755
8230221000.462193
8196952350.625029
8346434087.774536
8321320143.667346
8340161501.771699
8380876467.712433
8335302712.701677
8215802265.730598
8356571569.203304
8185473933.070082
8352523795.056336
8363574584.981245
8290192756.668577
8307887096.374168
8384341016.530159
8254530037.533983
8307664566.340483
8368856551.680336
8379507383.439455
8083617752.501089
8341071656.806563
8385846580.282537
8290562027.172091
8332372133.344065
8365453871.254309
8274788134.543657
8134913022.836468
8257783642.509134
8360983670.725655
8178752686.302053
8236934746.5178585
8233568302.86731
8350109318.990343
8366238567.860996
8198410466.785557
8281966129.662794
8280831819.100588
8323897423.195612
8368629129.785515
8305891129.035227
8288234693.868113
8193042436.047802
7994361807.023331
8283863230.315462
8352844351.018242
8254143804.831105
7983928491.242508
8249299250.808643
8163980882.215731
