8214364773.595303
8379707820.225366
8357652687.755945
8341605890.826191
8324656092.521982
8299358681.107221
8219839743.8734455
8382270747.105081
8309956925.220629
8251334073.540689
8325904255.718326
8282073726.684185
8369005360.865667
8304162334.102485
8340135553.093313
8366281659.806767
8359634237.498308
8304096779.096516
8358608197.965392
8284818390.438437
8239611844.652468
8315276004.381395
8348137015.134116
8353285660.289818
8373122567.256797
8319434482.268452
8348847989.682034
8344209282.260634
8372356992.170034
8309651611.725155
8311325858.330988
8297508448.200298
8112753990.553305
8324046658.218531
8313622645.364702
8346917019.699902
8335187317.232063
8275771955.162106
8291820041.8250675
8352398949.621275
8359968700.191486
8381740914.938342
8351987792.819824
8338379111.628795
8362721026.462212
8308872875.152479
8323308331.74924
8190142095.091898
8362904138.057744
8332570545.957981
8313940272.695927
8335548828.299177
8283160901.533175
8345176505.20976
8324237127.810364
8304847341.461018
8336553608.770203
8334847493.148851
8336373714.685687
8388356945.933172
8384756146.070286
8213954968.88127
8228514414.724682
8375861505.13134
8355008786.334145
8360438983.402975
8240248834.643503
8340917103.89671
8266201625.609922
8360767176.810606
8362635240.0193205
8333434683.731558
8373447718.484955
8319415346.7622595
8328281026.626303
8211912004.57188
8329244973.257315
8331294531.984051
8341302065.294864
8353040912.842245
8361406778.614252
8298581602.571877
8348798259.296942
8322748434.566128
8357601213.369146
8365806661.875221
8328282240.680539
8270351302.588116
8367039800.54559
8303603573.032403
8336806567.814049
8354176207.201585
8377788399.148197
8337991302.385527
8367135124.240457
8278203325.18429
8272599464.551279
8338605606.031426
8369003631.235071
8384028631.042125
8354279383.979532
8374249765.808107
8355367412.416809
8355267018.535154
8287900772.762827
8331589344.58309
8365207078.708108
8367859409.287914
8318727016.939678
8361694440.034494
8312167069.351254
8324771801.208767
8318850602.551184
8329197819.080793
8302075487.260784
8376298544.3745365
8295974660.747145
8307923141.228558
8357512145.3742895
8333859405.405539
8349164731.302008
8368090692.116084
8296824936.051339
8377602387.988766
8277225447.667646
8353105407.566584
8345884895.837094
8355268107.503996
8283494616.82406
8353010280.922336
8348171071.62739
8293860433.482165
8320023940.11262
8271242599.9321995
8341363466.740961
8354272114.935581
8358471745.69573
8285821591.332146
8367275279.24498
8299681462.408138
8354728940.9041815
8354434757.891294
8334854187.936239
8341099398.941254
8344750484.765009
8329520437.625389
8353423404.673609
8377215492.958196
8379109756.343048
8344523103.670258
8363123094.998337
8259287948.553713
8356280974.975594
8345558049.725327
8325249477.249891
8359395625.215774
8355576444.0140705
8261896567.373903
8312834018.212812
8342226804.286687
8351773207.0106535
8356269770.848211
8346550349.28759
8392161145.395951
8354198347.612982
8116263436.669946
8304889417.588079
8351176062.960722
8269258618.775993
8384781861.015797
8329356173.897299
8318931825.077438
8290755598.308082
8240250360.607056
8365422465.202589
8356903636.991591
8249191691.225036
8385205103.330614
8319390914.181221
8368056368.691677
8334608742.082219
8374425768.641365
8278530092.712499
8412041669.085993
8381859217.697414
8329988727.482525
8349247745.011501
8394501679.217396
8295069914.717993
8274934303.745481
8377932264.332959
8335643406.135212
8255832826.634167
8306613129.599306
8307326324.32637
8379037893.956946
8319088377.486494
8334567015.523182
8361822728.0947
8331987124.469641
8378118128.444384
8306168103.359968
8346634946.948015
8344167157.441423
8369427236.363838
8326812547.188764
8364796998.653139
8253291196.147802
8280856915.032202
8328629959.247736
8374232796.3143215
8276298512.524551
8329005698.171017
8367876468.846872
8360487685.326563
8236276972.992611
8257787276.505709
8357025003.8137665
8294328601.46313
8325284701.038527
8329528591.367369
8351446211.220398
8296724131.105307
8342443799.178581
8349437352.4021
8377771625.699484
8363320306.282541
8333396568.278871
8297078830.292293
8341364110.25896
8364998173.787564
8302965881.755715
8369649492.8466
8347133625.067481
8226864757.017902
8358920445.757692
8329807883.644901
8376185619.094002
8359666217.783253
8259481746.4595
8359805781.279161
8358568990.77759
8363424680.896336
8327168478.970846
8371887652.774141
8282968842.153414
8262031485.381102
8294410305.905926
8333826652.011364
8372307647.626244
8314568803.386519
8380047679.691797
8345604388.136702
8365582062.517599
8334794913.621846
8357529558.188091
8328717165.19404
8357328359.410336
8321793490.129913
8349578562.313169
8290028860.620029
8323423399.715622
8371614151.944593
8355232973.789932
8230474060.953804
8337814367.211761
8352135037.107913
8278138003.489782
8334206351.570187
8324244344.024773
8320598700.515036
8353435843.858484
8373478619.177965
8339650802.958515
8374056723.155274
8332152083.5170145
8362590146.507359
8306599910.099327
8311110857.045759
8280476272.007605
8328174742.195587
8389956733.645802
8313457546.0576725
8374092240.172322
8393107852.084635
8378974961.843319
8375782755.343342
8349737620.608877
8343074498.394285
8343620663.118208
8390853737.551926
8371991922.568677
8273064319.135807
8314991750.558002
8298129440.714945
8376591853.030096
8357877256.371552
8319716986.677103
8336781337.755075
8373519217.037415
8320085574.530208
8375043354.328167
8328672001.448984
8301073938.025781
8337662098.892141
8206295319.821255
8355268699.730671
8313385118.668624
8316169278.441698
8380733508.952475
8210936777.515432
8288413265.942482
8311791435.385118
8367079887.699701
8324722875.792917
8336777523.312431
8335570698.540787
8324237405.307604
8213022898.986911
8210587886.420986
8314806874.3594265
8358913948.087299
8300641521.1992855
8367238069.481825
8349842374.797564
8310523923.473147
8368875858.488508
8253890976.141101
8364854358.680943
8353727916.044721
8362015638.539396
8345862283.090345
8284889283.339844
8382435014.820196
8364587307.546831
8316567444.974138
8339134337.024229
8317259577.396141
8312865424.219551
8325985802.34608
8358900854.555244
8316140221.026367
8358169674.213764
8326294606.891092
8349658416.105705
8275901590.468126
8369622287.472054
8393625622.666438
8315523841.063508
8318533718.518654
8303440467.0435505
8368589967.85041
8366003930.176788
8233351398.549068
8321631115.078931
8313595708.3628845
8360746243.80127
8390425458.787054
8318792570.235733
8295213315.670123
8371125330.229982
8326253094.5308275
8327254866.131777
8327783220.942472
8273913899.894764
8261760956.369203
8376188699.676884
8395478734.800592
8354575492.447351
8353388670.343923
8231772962.761446
8367136840.820675
8282919165.869475
8360891137.893784
8352534449.325529
8366124861.195754
8357363959.279963
8390960923.525814
8385110679.440206
8251124803.05518
8345596936.679037
8344620165.565878
8289850682.508167
8342842465.347797
8355869473.730696
8356113699.598589
8331116055.130123
8200425980.786171
8355000537.553061
8389475538.148647
8337812283.2010975
8295041259.016197
8222854612.750126
8364475025.336993
8342130675.062274
8266857944.7919655
8324069224.512274
8253071562.234965
8345148447.860483
8279550463.825901
8319604852.070894
8359203867.852339
8362823233.708178
8317917609.851608
8333094476.226511
8312957901.988098
8201214707.278979
8334670391.66828
8302071119.711498
8385889854.274445
8349592539.91819
8354047053.146872
8269974697.98233
8364668239.443034
8282651009.3972
8358221085.458581
8312040047.552019
8264001250.134219
8378373475.340929
8339345901.233494
8195922393.875763
8301422765.5742235
8309208968.577354
8342664299.168022
8371603308.007381
8266820716.580253
8295351323.349106
8346457233.596823
8364472789.314856
8354975961.47328
8354015148.116329
8318058674.597725
8337164689.157305
8198997900.209542
8317811748.051512
8319743491.758369
8370713592.721562
8285070434.4270115
8270805763.4429
8342019279.370578
8312879610.188283
8376950312.784446
8365245971.341068
8264584548.758648
8330186744.6187105
8344553702.912203
8378238709.035799
8369360428.691534
8325014317.304464
8340054567.9987
8402189797.570662
8340188119.259096
8251049542.679993
8375996964.271063
8360440921.680716
8345052148.632231
8355625730.522657
8380283027.602175
8278977538.983039
8340004404.367679
8344848844.048439
8319301368.688683
8319872681.99761
8360334436.446182
8340240704.67516
8348146676.163036
8358861686.10758
8351599930.540222
8325326592.805595
8366904433.789704
8347413488.195599
8358706251.025588
8296087127.157233
8350173598.921647
8334171924.971944
8326893783.664443
8358040555.999477
8298077278.351015
8323197664.965172
8360072143.302127
8331617326.915204
8272763551.843731
8344007487.440398
8325439393.945723
8344332278.467073
8373846750.912761
8308418756.594828
8273027918.746351
8332307495.4279175
8329339562.384508
8339831361.356794
8302885668.532318
8327858075.791012
8210248219.784235
8373330866.52822
8299073694.74746
8396201463.275909
8328603157.514054
8316259455.239595
8337927653.652163
8266095066.103949
8388540203.998639
8296662764.130091
8346767037.251757
8367397440.630646
8379918403.999054
8336758597.8958435
8077549511.521325
8365898694.688101
8345422331.644383
8339236733.9156685
8341297552.267104
8311355370.5510235
8431763478.858648
8350494773.020233
8298037827.080292
8285999154.566875
8352266691.460062
8332408660.162622
8346458917.826301
8356490000.209355
8346849000.450318
8349936522.593876
8340484913.537623
8276760275.6302185
8278547081.352429
8132904316.366892
8235954208.208233
8364104584.60302
8352658610.617844
8323449373.18149
8200822070.706972
8316065941.470892
8357507702.000462
8335665792.252412
8360443495.874085
8382310074.98996
8346756894.006105
8346509203.0197115
8301878244.781406
8332472164.922536
8176293212.2348385
8346805422.654629
8313672359.432
8339551396.001102
8315448923.399579
8380545187.739754
8368972666.675267
8320966177.087359
8349453657.703884
8215301584.525945
8367065020.559476
8319383274.230961
8354947846.455181
8353579904.155146
8368364455.219043
8298062716.161093
8328526486.250588
8379370358.921055
8370431116.76926
8349074394.173462
8311086568.015172
8284856894.751921
8364465870.417753
8326860782.185277
8328279586.856512
8357890417.803465
8384495202.263444
8278496369.798088
8334786613.608644
8353890164.964703
8335234690.725224
8354596775.347261
8305436878.217146
8369408629.918465
8341363350.347376
8387577565.318011
8343532808.40797
8342443599.202006
8367342751.735859
8382007425.368723
8334151480.301347
8327218135.665937
8349672587.629198
8347669652.482027
8328255938.640135
8307967716.621218
8364893492.832959
8282594364.656954
8331349830.870003
8240012613.806145
8348930657.638782
8292560397.657478
8357917256.588921
8290540547.30069
8388750213.5631695
8375357701.4626255
8382087260.810196
8003705774.418907
8376290954.943345
8211441887.350863
8341234933.138079
8370745942.585453
8221338929.811378
