8324264270.473558
8369659012.373885
8271634054.963397
8303699731.250113
8352256362.621019
8204333410.395227
8406224003.203187
8366621477.114532
8383445014.180421
8342189708.048277
8335716474.369235
8179746908.484159
8173344287.129951
8230378066.971134
8257946722.008563
8243324067.069168
8226408253.996662
8329084237.804802
8347964211.128713
8339957948.095392
8136874821.765362
8248088901.68391
8284700934.508303
8167210582.227392
8199844705.537131
8325896516.819742
8107903214.30957
8355056372.38961
8325722517.490652
8252422530.131915
8168508911.690284
8255774687.403927
8356120152.539465
8342019867.907166
8337420060.18859
8300097848.444924
8344580470.592918
8314678221.649536
8377176710.688087
8318826222.462893
8311372666.015947
8042819573.464105
8363131539.999305
8329827600.987118
8181688323.311636
8059962250.236562
8268149301.030789
8357146710.082516
8287257692.802618
8323124526.874314
8151944367.276066
8291899922.8325815
8324746597.545713
8351277515.427456
8300530343.113077
8212351328.280706
8392680019.151257
8245954978.77779
8368068866.27547
8248063978.163497
8363506225.072445
8285645011.887218
8280320101.068832
8278804061.2572155
8305860399.602745
8307392989.260796
8304038475.329699
8311202573.98864
8342259361.427846
8356541832.01049
8369998920.992143
8349756694.838275
8362691090.000393
8363942667.9055805
8289057284.466698
8319830564.058184
8363438049.037703
8215545688.826082
8269115313.430314
8327997926.859686
8253056440.642786
8374307284.8676405
8273305915.894513
8377386070.169242
8136191397.965445
8341340478.990589
8266193845.348653
8280831548.387487
8360498190.731771
8226619253.519362
8177616577.201638
8394353450.806636
