7636143102.799721
8269886395.501681
8151328283.305517
8291818376.800411
8165221079.120954
8244158040.835592
7948750059.652695
7872956682.117501
8338389987.776602
8244893456.545093
8281398836.144508
8146625826.034533
8216407281.988224
8303151278.555298
8047569846.653719
8266458256.614218
7866781765.82189
8305212128.485709
8368827051.434758
8351374412.8668
8390478744.151948
8328977117.990575
8305039280.527445
8345099554.141603
8293683000.883618
8205174522.216204
8380040311.134144
8330029419.141401
8204125033.640259
8353972907.968062
8326890275.707981
8232434397.369003
7836636911.5714855
8302665577.623102
8208136947.795526
8243226450.370926
8233362453.715009
8316931016.539091
8172541076.912506
7979189269.707159
8314290786.553517
8003288044.3333645
8274608598.248753
8295482931.860197
8276028751.83466
8089805284.876134
8356650222.694548
8350370615.22579
8339929031.657299
7967954000.898823
8317904100.619461
8034029751.0342655
8363698770.694911
8251440003.342453
8204959003.395344
8202197871.53944
8275491759.720106
8326264852.284913
8330683837.595911
8342860010.075672
8163624700.544117
7868675597.730898
8227848558.173126
8132741449.807744
8355780563.490747
7022976457.797564
7844319569.627956
8244918981.658282
8026964962.4608555
8338767150.90192
8284718453.5224285
8305179641.873424
8268928504.699262
8202699792.730322
8016872962.298629
8211366243.579634
8277449190.984478
8067910855.964092
8355652954.496816
8348374871.179127
8250133623.763756
8022111341.755751
8329630256.559792
7589496327.647726
8309357393.400248
8361670983.352089
8174225118.447077
7845311842.36284
8338543505.313351
8275563773.519468
7837749810.7195835
8326196919.21463
8096163153.830396
8309416032.675953
8354222382.81531
8346088911.449186
8376777327.434979
8329854100.328218
8059418972.9190445
8292772246.929731
8356600787.30583
7830138579.827475
8341638960.262091
8060485240.842773
8316812996.430237
8335721572.872372
8180773685.987862
8203816771.236659
8159884452.856371
7941084474.84647
7481619236.993823
8348607134.217591
7545342038.789015
8324253890.082413
8145782785.605207
8225026933.6607685
8354035674.787734
8133558933.313342
8118660100.901295
