8404179839.298656
8312485650.381033
8296771106.714697
8394497685.903924
8339439799.301701
8367560964.623902
8250945357.364016
8340705046.716389
8372453571.750703
8292599288.267017
8362858150.541229
8381010218.6719475
8351920169.968596
8344316996.616355
8311805808.525151
8347048448.599831
8368802795.103647
8236773515.36903
8344520114.651163
8291576096.098116
8319784267.531603
8341263619.44145
8347448838.319193
8363015880.900646
8276437935.235849
8347837318.040031
8342141205.489424
8306642108.76137
8326461968.818165
8349419831.659924
8279496774.415443
8390127454.019277
8361699854.534452
8380882126.134424
8133853179.222568
8308078728.687799
8351157456.633604
8284673594.683144
8314192803.802533
8344510750.745441
8286233184.741674
8352578235.157953
8364691050.002281
8397241854.53199
8338391447.121945
8334752358.927044
8358105956.541533
8362135224.197588
8310072391.952633
8342296985.76698
8346827044.761587
8317841645.015757
8352763249.213724
8355498549.523997
8350248576.454346
8328253098.778839
8323812134.1666355
8330343080.610628
8336509151.3480215
8366827449.721358
8319348822.654415
8338936941.485386
8381208021.410523
8334448989.212807
8283426379.069828
8321595426.108003
8306754895.472368
8304693231.913325
8353865479.30427
8370535970.242746
8296726627.498497
8365100358.0806465
8259759453.204771
8361316529.50224
8386358543.045065
8187459395.377783
8320891583.904806
8349911108.621162
8363837847.356504
8346084994.266464
8354588249.2538395
8347723313.890261
8306318250.304075
8390119774.874908
8298634971.693072
8354564459.422878
8348169725.554699
8315708623.801787
8331950019.628748
8348746572.410629
8365717080.505644
8346424404.67152
8334846347.179294
8357369811.981407
8328683636.378319
8290685643.475319
8323295795.887509
8383403747.99213
8345491431.147458
8372936784.977312
8179216467.037878
8330227183.415508
8358136981.631002
8296075768.53504
8306381975.583218
8351719355.7239685
8371511555.772447
8341772300.495491
8367292414.486824
8340056979.343321
8355103656.30688
8334160859.554861
8355615341.304057
8368015551.6864805
8340031919.989762
8361161891.625923
8293071571.469713
8355665084.71365
8368993339.672318
8308930143.978861
8301783069.836293
8342101129.776417
8342980115.695442
8373008845.589086
8282633806.679331
8318240230.340868
8325048769.354168
8397426435.012693
8315276293.457554
8342361678.765468
8325237197.920944
8348101684.605162
8372402008.944617
8374766151.473134
8261161219.591892
8338444856.301603
8371721502.447792
8288729407.2991
8390417864.594033
8288278698.61798
8327963276.112093
8342213716.166822
8291168900.163458
8338152336.855658
8332258734.155659
8262406797.799459
8313104896.428793
8349203681.168298
8325685891.757053
8331428943.801434
8372343486.203328
8346192152.156832
8387592753.1742325
8291355047.87005
8391141368.735798
8319194368.794774
8332469296.652786
8378567778.531263
8382924409.152809
8348882523.812646
8349294236.786442
8351619528.602798
8347883950.909685
8300611404.917049
8376179219.544859
8275287565.64356
8367908967.269483
8322549232.97075
8366488979.578417
8344760977.995703
8328196009.357279
8293606334.847409
8337412554.127893
8272343460.160877
8297600078.0138
8331759937.934412
8377694871.929029
8370788238.138684
8216952907.256496
8294719209.994751
8333142875.641388
8374767269.680307
8302783141.4581995
8348275821.56166
8385342381.359268
8304812381.634163
8373648861.528599
8330809046.282293
8362563622.07917
8362118283.798277
8336246251.758474
8235627924.769655
8402599017.528833
8252245581.856764
8338999765.214626
8357989854.825018
8313531492.816368
8338779966.78657
8369751957.47504
8327418124.000357
8369941120.44445
8334053959.297538
8280062554.970375
8343431348.223595
8312948348.197818
8352679063.468731
8357745339.613551
8363386879.479689
8316031930.453892
8364485227.323561
8315365652.261897
8375520912.878878
8196634692.119261
8289561807.5325365
8362934579.1474
8327024483.961736
8328912778.836782
8364213689.614586
8361486884.910503
8370840022.609394
8323392536.998295
8283864303.049128
8318217148.951952
8354457254.793324
8366568824.682729
8322134584.908779
8366822273.19836
8333444716.862957
8316375646.02009
8374403926.052029
8291201579.155078
8360800896.431217
8318592873.991894
8392467887.824699
8324157339.502901
8346963080.193636
8317013734.0689125
8352341548.102474
8286374947.287996
8291127506.40452
8271850176.18523
8369388897.095659
8328859439.056706
8308122694.908829
8400983308.777206
8350030646.619629
8269779134.353364
8360030075.783331
8356658602.046749
8203496046.874098
8319787472.389094
8349908802.2527485
8310416883.228437
8233321496.49658
8323539317.758083
8349598738.06497
8368280052.059739
8349048717.716869
8314391294.897782
8328232032.227165
8375704600.761458
8362446651.016022
8323887570.948062
8359422901.5728245
8350012533.258192
8372806334.600628
8368522233.315942
8291205190.927244
8347375158.227386
8370430429.988965
8364243263.347702
8144918302.676563
8366072353.438633
8368704408.809685
8310755451.010094
8282551953.403252
8276916584.601532
8288709283.764091
8334298678.600236
8345807259.334662
8305024433.147525
8370618288.559069
8266479112.375519
8339387887.1502495
8304291481.771622
8356654701.332567
8285747594.456612
8342167440.881667
8376609882.010162
8232024891.2400255
8358746035.145834
8246781311.247595
8363262912.808482
8354177236.252029
8294123425.440559
8328509920.714566
8349533315.319018
8369380494.301743
8325791957.842226
8225156975.961841
8329018053.345137
8321266772.731141
8324283784.368628
8342923374.365311
8354084429.394565
8353814190.603321
8341083185.788227
8348451535.040634
8345248675.50385
8376285447.2055
8360671919.413795
8371905356.241961
8328682289.283274
8347256979.454208
8309201377.689135
8355712610.486193
8334007818.949581
8337925552.544384
8361986140.965582
8273445072.580373
8336228097.857589
8300025007.657797
8325414824.989578
8342590645.711548
8322259101.021448
8362772551.719797
8331160357.390752
8352269731.875459
8314867607.758154
8380989647.232359
8344034796.709994
8352974623.985307
8342719456.139297
8372358298.00495
8329713581.289398
8329953115.630171
8363906032.848154
8323209163.938683
8354968310.833147
8349833405.733434
8355641504.400738
8323232908.167831
8348564397.595089
8310102276.572167
8324962132.997231
8241424928.703804
8338923559.348202
8354144876.340263
8302796653.347731
8302362610.094856
8371207466.282519
8379931048.715675
8347192547.6703415
8317022968.443886
8377775105.31266
8324560561.46589
8292836608.65449
8350864515.1768875
8342312188.645033
8348766748.20664
8343090690.045972
8343515474.968567
8367143704.369642
8341285281.807081
8343136281.054131
8296933957.684787
8356396643.615009
8350229403.829191
8374021542.629793
8361613842.424331
8371901572.740099
8338444553.490151
8332266738.990608
8339504934.386717
8320471332.503072
8297092266.550346
8374898093.168547
8290882819.892883
8364940193.436401
8147047788.173454
8316580902.026615
8188933671.681103
8379649517.740796
8291351455.928356
8295793691.784116
8359981710.620156
8344038661.277576
8373180722.33229
8343903953.686707
8307077742.778542
8368201059.670515
8351215221.08772
8323538477.586725
8347852995.421625
8338139001.239961
8362558618.187773
8309858691.748353
8293808791.905756
8302789540.082612
8328029312.985331
8310816324.997265
8350536689.852352
8205263896.184968
8343178238.502112
8360955072.641882
8316670298.359411
8354407835.9410925
8337971430.564357
8372400356.172602
8370662018.718291
8356093577.382689
8375283730.746651
8379801564.394285
8357572442.674618
8351773326.070632
8339238295.358608
8374311903.864735
8349235087.972006
8330079516.069733
8339815230.040663
8308390639.817074
8351899573.319816
8270600873.322417
8379029237.528706
8266204590.530257
8358732146.756401
8361722369.861547
8373513470.944365
8298873248.688589
8325580290.49844
8349758380.672529
8348404535.769364
8340707760.713367
8352246869.138926
8336138774.068243
8383801377.118479
8343819510.7509
8328774591.140426
8324814434.120075
8307995594.94239
8371832507.722668
8338746667.2126255
8349944559.508433
8368574862.288972
8334938176.583141
8329398662.091617
8325869901.781294
8360080848.923276
8360683488.472507
8246639430.16205
8319311855.892758
8372043517.710363
8341328372.000292
8363717509.553471
8256260796.171127
8297709099.613998
8294022770.221023
8332380615.714999
8279462934.158146
8342863229.366261
8335942590.193344
8365055793.34427
8327766138.405287
8190174389.476396
8382728532.369133
8324057103.909014
8351105162.116254
8359861120.182542
8335519798.670159
8296114023.283806
8377083127.47201
8313660976.122757
8328802331.755957
8358951879.538557
8327998323.417994
8334306636.608408
8322585940.7988825
8345995545.882582
8306399266.729492
8245887330.349033
8346527061.656193
8357057661.7293415
8362825097.970148
8356641244.9017315
