8369877040.052944
8313766639.671437
8209921770.060567
8337875744.823469
8338088830.628023
8381764392.695797
8341836835.917982
8330377796.422238
8322076408.213875
8293011295.961344
8384583099.697409
8363752732.499773
8341897763.867717
8378717514.822925
8284841841.387519
8380372061.0505085
8320511893.440425
8345332187.845993
8334301418.390278
8353932955.841206
8364801708.137539
8330230895.911734
8309558698.183652
8327494998.6336775
8315473809.34831
8370181720.82694
8371608855.006482
8332001983.96438
8367071783.349596
8353628407.048848
8248575362.160784
8323037216.684106
8331135491.016018
8358429771.415873
8326761450.835696
8370061553.376106
8366448772.794214
8339680784.602264
8369422799.453948
8353472604.4436035
8270798019.60708
8344858711.574549
8325090849.8436165
8346091690.016535
8353715210.745424
8295788842.119724
8369699374.995243
8325728496.845346
8351637590.016861
8312940222.189938
8360412153.371431
8352500710.652344
8365312800.208643
8336756477.553196
8302022253.062181
8347351492.037431
8358823663.569431
8384395558.716346
8332413891.960178
8347116360.534487
8371901211.264246
8350804405.645496
8301726436.211538
8364421461.5134945
8314204844.435563
8365890824.44924
8351037394.072658
8300993019.793822
8333358675.501045
8292231980.2858925
8344000627.766661
8329130829.771446
8335812140.017824
8348619039.041487
8372781829.136418
8371033072.139078
8344117331.819585
8332592418.528788
8374790844.253047
8352630460.571449
8332080535.156057
8373702998.03717
8361526539.613224
8314705591.259043
8288974013.378795
8241828033.425395
8326265795.750992
8368170921.992611
8331127274.335517
8373193786.456842
8363847566.206274
8378824512.873896
8308186483.110436
8320501446.517258
8304263566.232938
8208790251.500326
8308393810.353305
8351324837.020655
8339484875.804424
8381738231.749609
8350074249.62518
8347499271.342487
8354184951.728729
8338523701.505305
8339636577.960436
8356890672.61192
8347886586.891874
8392991531.263383
8343438660.010881
8355506096.778294
8369102793.534808
8320684712.320828
8322353022.078451
8306553727.811117
8333364724.657963
8259133917.800279
8368805578.97827
8329589636.668361
8305667421.183758
8282513957.795951
8338653056.404552
8355592212.393019
8363458184.413099
8355667176.932159
8384647854.379384
8379845206.12764
8354901411.759449
8370872416.883347
8362549391.546209
8283855839.723567
8328296184.234716
8345766962.855961
8290877706.472841
8311073786.411661
8324289141.893826
8350080972.160336
8333105031.633398
8382428210.3917055
8372242106.025896
8368531444.316898
8347364905.195854
8354998372.448608
8345384537.374508
8381826011.483061
8339554934.054028
8356354743.0766
8364466071.260628
8354086469.884358
8335948180.083799
8359521779.20382
8349544308.965819
8366240960.949574
8327938402.824145
8159374784.660215
8339503284.218174
8292889974.773483
8321858329.735171
8347716096.465832
8367765053.3434925
8339385813.481639
8329147709.464182
8223561936.237919
8359936085.112482
8333597882.419052
8347753518.703117
8331081565.60556
8362545746.3386345
8360266979.250107
8294415333.310257
8369611426.2259445
8307692797.129225
8357664217.671637
8377494123.867492
8379973005.880396
8331601695.498954
8384943232.7607355
8352509087.146193
8332308590.052582
8339880115.777128
8392324645.476075
8313407233.276043
8348224783.109843
8325208819.421867
8354837328.354214
8362203288.866953
8374575351.781597
8332917969.572582
8361973466.898416
8362094584.914776
8317631633.966619
8338025127.14212
8390207729.573087
8357007071.484121
8331414175.594139
8298073104.979326
8340108542.568619
8373355394.22241
8331986556.560535
8320319157.250274
8339004097.357502
8336037676.279634
8309046035.206362
8344608342.191573
8327931920.636694
8342256763.685106
8374472360.1154
8305193991.09305
8358253953.118908
8287595673.755808
8367831594.149311
8326339136.564583
8358373740.983972
8350902723.8405
8333781273.779502
8368416188.18029
8305646578.280455
8320170987.130159
8355719746.824165
8351742786.975895
8352314716.925502
8323990654.312942
