7906860098.66008
8305337437.431417
8261716800.784865
7712668632.745365
7816061111.917295
8070541411.654038
8034013383.861425
8173162758.054268
8103260825.787256
7715330856.991169
8260303017.986549
6923206366.75655
7141243505.5770445
8001456124.380792
8143134425.4106045
8353564410.882869
7414596328.562542
7912185192.093189
8231228886.474043
7925689881.614889
7829859522.037872
7515245214.318176
8265079866.325584
6908536517.206002
7169483500.938421
8331129019.915783
7639219883.827756
8304246692.572201
7960737980.440559
7223052516.050158
7723244766.190775
8337105756.957554
7487166134.866262
8326566978.627058
7229640864.648001
8173600495.514864
7666676361.074518
6726962362.058958
8268456449.814928
8203559788.791565
7940764049.90136
6806953214.776254
6836776628.00906
7730239385.448436
8212880300.409409
8232670836.369923
6809758416.686454
7794070787.717598
7973733069.648682
8179318822.288758
8316317409.43408
8023878986.630686
8120294367.916674
7140781745.804588
8291015609.436853
8086071638.670536
8323549173.3884945
8036357944.356371
7096015868.865403
7918812221.472663
8366884695.619048
7146075023.900986
7595641669.585226
7853899638.941988
8363419867.742783
7943464905.553312
6836181958.512165
5919913658.268525
8200837781.2307
8226699258.195049
8306082573.662327
8300357656.737797
7893884946.036886
8266218540.272766
8292969775.328529
8211517382.15518
8136773489.969452
7886882372.272738
7937860986.767984
8069941641.470474
7773630038.203863
8275565585.876257
8021659596.840414
7561809235.45804
7894923487.974037
7644273094.97784
7090552627.674447
8012579805.327324
8285199619.957813
7125018306.478164
8341606166.99799
8312623471.115875
8273611187.087866
8004733082.013548
8316844292.512274
7534490769.144531
8009839954.834276
7927761585.06156
7909664697.350855
8228970967.96014
7552860628.535542
7645812754.095152
8362178452.660058
6528199210.705202
8071444113.570543
7674299956.838593
8267969392.534419
8298254158.170736
8313043344.112455
8116501760.678608
7779782082.77878
8087490913.547171
8198035376.48208
5744033806.672322
8345548475.116583
8127225046.288464
8290453105.257201
8183070333.586442
7912025475.078511
7681213981.499918
7993080157.949226
7907057293.779841
8244526256.761963
7350467226.294688
7525219385.294064
8032719713.463867
8004645547.496113
8101777561.149458
7793485147.43639
8177966994.864452
7458888169.536667
7853958007.486869
7755820261.699551
8050682263.12982
8348710173.450075
8023448748.670788
7775982785.785328
7461330437.3024025
7472681408.978157
8053205303.604702
8119788899.907506
8322182854.07443
8079995236.403223
8205405737.637664
5731686798.334628
6894049322.411881
8109986476.290532
8011071811.473785
8023668001.340666
7988316138.602726
8226909770.73435
7976451404.890599
7816977422.975229
7975461255.303442
8220729361.129473
8208540927.789892
7451635100.610487
8169119754.813658
8015842246.019998
7723165733.855539
7814883488.995661
7389298291.881775
8150285077.058819
8268565645.037976
8296638096.187288
8149591037.495363
8198109083.707128
8318317993.260964
6475893906.45898
8054745480.774073
8175598892.719364
8173090145.808107
7492113770.565151
8093196670.567549
8274458112.637069
8021056254.2477
8149222516.147739
7758502347.869421
8286717230.262606
8342780428.72864
7845880906.96814
8321051996.622168
8028509069.110781
8293473493.906441
8027655583.49094
8031559827.403404
7584773905.151232
7813589190.3729
8298791839.105864
7470034878.631257
8191119637.723066
8067230709.27484
8228783740.850267
7186283328.43137
8219027823.474979
8260573463.700968
6953682370.647975
7475027041.814076
8184864340.696365
7509909547.728378
8178417281.371923
7749801924.773212
8019665039.566666
7866470216.823011
8116328795.34487
7275075675.900217
7876331257.740541
8117064895.649487
8192572229.906814
8200769710.178492
8158588722.677746
8003054368.886965
7286631659.398915
8364633008.220507
8312332004.688161
8140821954.348162
8099409049.557637
7909102157.509953
8150764784.211285
7816968515.954674
8357821974.121105
8278585728.280424
7770358682.704319
8116487561.547295
8038182957.756655
8001711889.01153
7050872872.403631
7783631846.280893
8310365243.75099
8315326592.333478
7802491449.456756
8373519402.745778
8247340194.087886
7245395350.751154
7278243992.608714
8340795495.733423
8052448108.776523
8241901174.7677965
8222878003.006632
7839817693.97358
7925233272.152746
8316647644.961798
8182655838.621135
7960305107.912252
7609561824.204659
8190697946.171354
8218547112.702269
8345346678.608421
8064272801.72789
6933651343.864355
6882503904.372146
7826831927.378123
7202564185.825438
7378526637.840052
8050164123.885106
6651671461.499494
8382905787.662617
6878987443.276402
7426743176.0571575
7697947784.204672
7883296917.737513
8289786354.786377
8267134677.558027
7324120516.952646
8037401980.617624
8257887393.028306
8281083330.562454
8132703099.597534
7609195885.30648
8212497565.733266
7782269706.946992
7187584231.044416
8166126701.075786
8013891509.046148
7850673912.931429
7311707253.043945
7655924424.664482
7716861096.262922
7432908489.908041
8363599536.729328
7862920534.867771
8275527841.146387
7565404596.7965145
7901473260.878077
6604661561.768515
8207590773.437247
6963926324.385556
8218479206.7678385
7429492051.930781
8210955909.056641
8228996567.595245
8030129165.000375
7582945213.139055
8089652331.796963
6896104252.917816
7663020490.401421
7592980418.900954
7578881773.585307
7711640006.825555
7857654449.389723
8175322664.163785
8265004810.570152
7569829790.03369
8324151834.232288
8030389593.263571
7430990076.930046
8351110817.290676
6289283806.742418
7796907675.640633
7862923839.49115
8065964004.73539
5516132716.584064
7808787002.353659
8230201046.483022
7935100707.216242
7254148364.182766
7665480126.417238
7742721851.115018
7345151708.402029
8108890901.07736
8091674348.485921
8237734393.411573
7688796877.715544
7116979631.304659
6507547391.317462
7781759456.066993
8355430025.763555
6770476211.941109
7916905274.742075
7241248554.894728
8045703343.267346
7376046054.94166
7368679518.40505
7580170247.58396
7858656356.27947
7812217583.972632
8263453591.52776
8300961756.828066
7988545169.156347
8076296003.689686
8361061431.847265
8127251328.078261
7942079497.067734
7564571507.805116
7507504195.044113
8341602236.016938
7932931864.2283745
7787942638.22061
7283080296.161455
7500706340.907961
8077282197.793624
7585166884.537437
8238230508.58276
8246019980.939425
8336389239.984173
8264778452.240591
7741041906.813177
7861600238.684002
8288948028.689468
8316284319.7659445
7166033457.754744
7974405327.159218
8178766955.807713
8339431067.501355
7443845009.438047
6752337131.677122
7491508651.691853
7422317018.2119055
8365148801.238612
7005327026.41414
7856358734.603446
7859498610.8451805
7953707015.654687
7703335189.895415
8343438363.395049
8129678953.929249
8127733173.374025
7549828872.022463
7584156313.849333
8245313480.460655
8146115295.321871
7912262542.449167
8303022051.451557
6446029297.11445
8173451237.42231
7795039789.848813
8155911030.215086
7250901032.115126
7518937106.299747
8288403472.693331
7301248671.004871
7578532428.316141
7560009172.146275
8215778509.670401
8177595546.064087
8334520492.405722
8367258919.055914
8272719004.525834
8362260542.5508
7508225302.157234
8218782540.3388195
8277375064.997776
7705521333.918702
8029475606.693762
7903608370.234669
8152180991.57676
8236585088.413509
7743008607.115223
6887915113.39915
8304241385.229237
8008629691.295443
8226757148.535236
8162780304.390873
7894021771.342031
8058150279.004946
7779610006.954027
8210511928.004225
8132490689.045929
8028923759.324549
8128783322.374059
7788474201.193798
7714618117.294891
8252515969.04781
7838992819.974886
7538927465.550478
8033763742.694769
8056991138.952051
8212398658.756218
7814703954.260002
8001058573.933132
5969995272.201103
8220419544.702885
7981587398.270175
8152257377.529433
8301779107.896661
7439252855.457277
8161814091.806374
8063278151.345697
8263322596.5515785
7545004366.513107
8240659547.028166
7765498725.519536
7939180576.348837
7050641242.125088
7873568952.738417
7239399691.055661
8131811452.052342
7825853891.1091175
8250885170.427912
7813980710.676559
8008221524.423904
7847216805.97154
7535362486.399275
8089976698.2214365
8118908546.459113
7939761891.159851
7177137460.623249
8270161891.802784
7889569872.513546
7827595801.442787
8026565135.415823
6934102717.123596
8231616247.039013
8248767073.586775
8036032187.054264
8162611437.638522
7283267670.387281
8376462793.723818
6966286028.654601
8226330984.869819
8318505111.677999
7573944079.417051
8342978809.595757
7646581318.867111
8074422952.147174
8110629451.279398
8095751231.112887
8282501216.665474
7215716878.656096
7686570106.589788
6627884429.804798
8368993983.243404
7839797279.66133
8256338074.436653
7639796335.463713
8217629772.720678
8315715436.733234
8135582081.771275
7870423599.860598
8024287007.672903
8228285604.550854
7941821223.087716
7662115118.764244
6714943814.089585
7872452488.598257
7319730555.640903
8025775039.705851
7740320827.30582
8038707783.412231
7313381191.884268
8303933467.93555
7160626432.729936
8079552906.016094
8067007194.451221
7437236559.079516
8297174708.668087
8335841006.812313
8135077147.483469
7948770656.272413
8285412768.446154
7712930812.775606
8037698085.236243
7777600645.078198
7453923541.292335
7496693773.795717
8269083250.109055
8251649121.491984
8188953870.489718
7714627396.570902
8324750832.42127
8048558767.8197
8351908449.09432
7962545646.169407
8155629245.300917
7914080329.622646
8317875766.201807
7671402794.784055
7681697122.715433
8174228723.984227
7745236520.832138
8140074357.633629
8190316765.680019
7263770570.082481
7431822091.216902
8122441865.657373
8004153812.717306
7579849517.989536
7321105240.8901
7814872237.886908
8195852048.136666
7702356641.171276
8334066051.455978
8048532086.053961
8107190174.622962
7424177157.058428
8131557282.639704
8007433827.111605
8135969229.3531685
8249740184.657202
7955727852.547802
7659491361.964094
8222563905.852926
8325025033.994827
8082865511.301323
8301368674.479358
8011896675.772734
7873164275.24551
8341428198.013921
8245475249.534076
8269136451.886865
7866447561.604332
7735488992.3427925
7503027852.949456
7624239280.531857
8048941594.332156
8109366320.314936
7823773349.385405
7825496472.459469
8318649188.371158
7739084578.544359
7362968217.785108
7978334268.3279505
7978806758.374221
8118619949.435904
7948580248.869273
8338351791.172317
7986183918.670928
8318798497.649627
7868662879.436664
7888971310.426634
8167217181.994167
8207294050.601316
6871784265.244343
6919176594.534186
6451365055.005217
7723262360.502503
8188441036.26915
7161199851.859774
8061414350.273739
6641721075.735447
8294205722.026293
8212330503.139292
7906124689.503098
8077987074.022954
8321424300.192806
5532414909.512605
7452833504.196594
8246180892.839094
8362821263.59635
7501993137.653028
7541295426.60516
8270261533.564543
8317480330.402416
7311999477.503099
7130591471.267221
6484796604.951885
8026713435.850832
7386326117.309132
7874042192.480648
7874796637.330375
8195616810.34592
8173871559.407733
8070948990.193369
7215243035.906792
8221548573.335533
8045999175.361614
7978712831.095917
8220594468.833628
7611900956.054313
7967334591.372352
7485315440.45397
7924334624.387684
7889742423.552338
8324820890.937608
7922033480.643202
8048546386.773966
6214349400.34992
8205281484.597621
7386484666.247316
8044040311.00178
6978675395.816331
8260765575.246832
7708913631.848095
8238534157.909636
8361381636.72292
8002570890.968227
8283402008.69528
7277553081.348717
8324662817.48978
8258645087.163905
8279030784.578585
8207542446.879154
8330829854.410694
5434830634.718007
8331131806.695606
7609723420.194496
7934467083.875271
8079134238.473734
7550669242.791513
6882819088.8843
8340825116.760682
8110266678.624141
7699497856.461316
7992887534.759621
7908127704.044662
8185911661.556604
7763395117.991974
7993399020.668381
8129714981.387249
7944749400.959412
7810482610.434635
7437400822.726744
7653108722.311735
8279443164.099108
7393625548.403299
7789790056.556501
8141520503.230346
6966181469.3237705
7701196878.031605
7329951207.410477
7877589042.439132
7882329808.911381
8270672403.156845
7779969379.998886
8369304823.607191
7608318511.261423
7828047365.660693
8304979678.942085
8229385666.684494
7882607317.169542
8238480590.518406
8237320304.063444
8342722729.793948
8058939142.716124
7859736318.060289
7977436666.143854
7622901845.135389
8231801258.138512
8299610781.659942
8184064958.673192
7962988364.927534
8343075147.749065
7617747530.299572
7836117037.510942
7402503255.893856
8336993319.027334
7298635001.193908
7551150161.161777
8300294982.989762
8117157992.14447
7874771628.068385
7162455450.509188
7529171595.902381
7528691180.749785
7301971489.481998
7928774786.0582285
8217149777.515609
8255595469.703434
8182718825.877664
7656930074.434432
8313293157.64703
8261220109.946439
8358912988.728695
7787832545.139422
8230753221.245046
7609615519.068585
8224195063.162346
7453089384.400555
7835389585.5272875
8259350816.840069
8323474240.505344
7942328304.604397
8148128577.282454
8276115751.616
7894737127.877003
7265066838.847656
8290395323.162102
7864399391.761059
8298365556.152027
7613738146.714672
8218984622.853502
8072024697.779812
7797454901.053315
6808668420.717735
8146939472.624979
5931740015.005509
8093166819.715823
7270671024.529016
7998615387.588791
7954515408.58135
8179830578.277876
7712482985.83645
7681418847.42655
7505779454.18759
6582179539.363614
8277960199.729973
7955658044.202803
8063421903.381275
8314005970.56564
7111696812.963004
8216099957.244995
8379305575.151239
6466890987.303466
7565029215.084091
8364228004.671196
8073482698.242101
7632389947.161154
8241180846.197622
7639203899.35321
8004419113.877981
8222783116.482994
8167330520.205799
8337951116.3271675
8148348953.077999
6276833000.785442
7973691488.777578
7489614592.881859
7546657206.23007
7892953392.632719
7765683766.401808
7886192340.24755
7577094056.90917
6418478329.21757
7388840197.677868
7037041930.916399
8112537221.502935
7578851616.946157
8127902211.727358
7760493265.998018
7566300025.459234
8311504379.260023
8042814641.772684
8108619472.87639
8150552588.897384
8313843669.279635
7813632412.853075
8091616788.950024
7559840494.841846
7395822353.637136
7707606245.929567
8008848234.417714
7663851755.912968
8043999942.7976055
8268267890.799082
7926474814.940882
7309806294.634817
7821744981.199087
8302509494.539215
8206180698.741016
8165804956.039314
8378163224.856522
7994689000.587059
7925004803.28994
7257496578.673481
8255231431.579603
8339553550.877003
8206717005.053049
8221467446.005133
7454877972.256835
8335982770.377562
7796142810.841204
7799204821.390816
8328574897.292902
7386350893.619871
8055793512.082479
8098239908.641136
7672682613.201649
8245843795.758493
8310463350.718529
8112404191.554944
7050319890.802065
7414728045.775272
8321349896.651234
7836515608.866123
7963220160.527117
7303307686.480968
8236979115.657402
8211350847.415991
6553203515.192117
8243767279.887962
8386351471.102076
8063936584.576297
7855355407.8524475
7724208301.77811
7439339377.354761
6430331258.706266
8014014865.792368
8291635767.590763
8266624073.33494
8150271968.705312
8229842524.085335
8208873979.899845
7942167677.491884
8195261127.386619
8160091416.755852
7061827234.312629
8069455549.565111
7897389978.447271
8297573229.360224
8200183047.467058
8075116474.987465
8331397862.876212
8155089927.759274
8101352489.006761
7730304893.692873
8201533397.72235
6795027104.202372
8359593576.007462
7533339119.124247
8004179164.143647
7690828061.4654045
7945768723.256941
8166575050.830692
7311608268.798925
8098526308.000933
8260995717.464905
6783057454.932205
7402192136.152601
7728358985.8384495
7604471025.550741
8054061504.147003
7310989888.839386
6875364719.944818
7972355676.45122
7949030296.268135
8058554052.024906
8324179295.467016
8060780227.184548
8031601467.416062
8253247643.121634
8127315093.865595
8144941644.550656
8258873542.611517
6956979415.849354
7777913827.421357
6947054317.162692
7847008006.184759
7664581242.146078
7807253968.754511
7031940387.144219
8201587506.324619
8200878277.578473
7803692132.560959
7598511318.787399
8002865190.587193
8127409089.761218
6857366949.773581
6741377019.034327
8204510437.146973
7462071296.808849
7006091621.998777
7757611778.0715885
8317081091.363813
6643717126.449652
8350334523.65955
7310249612.375989
8326017225.171373
8261602112.729712
7572936262.673544
8299055354.582447
8317902347.261444
8068284458.937508
7608631887.883741
7942095244.227256
8290318368.069166
8023532666.210676
6992416961.904221
8249717040.624313
8185759690.897694
8171861675.945835
7154937344.916475
7717169451.060387
7997760575.393978
8239018561.574606
6860956132.789339
8361547329.506948
7766831209.370138
8227144458.966797
8283866641.111574
7428763427.585337
8377198977.305962
8351500285.906254
7481061925.718727
7565452606.420422
7839700496.969353
7990725810.887678
8212047914.352202
8338689651.819794
7905871261.447163
7960222023.750469
8261842041.244055
8118139876.149022
8009910383.588329
6877561931.826129
7939349854.98323
6506932818.860147
8302568726.737551
8162866927.24929
7930442326.860632
8028211565.7380085
8071540732.610475
7856473908.541232
7253248134.32498
7976372497.00107
6928962835.638401
7845909844.957418
8090132639.593695
7880396925.902748
8189550671.027487
8122288290.460384
8307154648.093659
8304794223.445272
7823888603.027125
8337007805.474817
8210158157.721064
7519710739.389431
8236375986.641714
7207386616.039137
8270945404.279319
7380156757.818344
7009988558.432594
7667329006.13476
8106298401.171895
8259687109.682543
6875703133.346783
7462417401.565426
8120043819.343458
8305097073.70063
8096098927.89905
8293756468.4055
8196703458.708126
7978584529.358042
7837416545.40449
8072786434.552631
8176603752.41651
7691042604.073926
7426548363.581692
8219127447.777632
8105255318.365563
8164811061.599894
8302134789.095729
7627792636.208478
8306208800.374241
8064938688.80493
6902498182.518458
8320309784.902571
7193223102.720354
7840536706.241083
8216718886.062727
8217311170.767259
7311745914.550629
8180080328.278253
8138246917.737225
7651895604.110782
8220000509.569511
8333603523.488419
7873898170.630549
7544750118.023806
7860598527.005415
8253558532.315127
7884242348.187928
8240410391.396708
7878132571.910505
8178257719.344097
8139067543.412154
7959238728.523629
8211690669.290923
7634320867.930586
7573258150.886194
7784673051.36071
7903479584.988344
7625252943.003454
7950153202.71277
8140377725.775563
7849866506.952503
7304388503.19219
8353077833.382124
8062096211.18247
7851897563.08767
8211853690.959476
7676316441.231359
8363639390.111063
8011852570.024746
7808152135.740524
7304548354.76059
8264993124.361242
8081032674.985302
7426311378.923384
7908878951.137291
8089804016.448249
6989391956.885655
8146637246.197698
7169514295.404612
7993036020.594673
8124712879.476561
7289611583.457771
8138809056.34763
8289276131.523808
7915261600.445407
7269678210.738193
8205413664.919016
7980636701.405034
7071306609.818468
7991810200.063416
7833585962.277696
8239228870.682207
7342480289.362268
7464985590.213559
7604921363.897253
8207567223.615384
7572069239.888845
7955323713.219787
7181016046.236471
8307289177.221866
8316657354.598826
8327975770.910469
7983090901.298758
8292136494.575974
7933098423.336122
8145345876.165848
8222570201.806017
8150489013.6912365
8142247868.26642
8290122831.006169
7106143193.014595
8180803140.901783
8237751959.58687
5927979038.457873
8369624129.5968275
7994797888.161579
8097862947.84033
7109222622.446806
8192991197.897139
7314425794.019684
8400446891.659792
8102039930.403383
8168049937.313398
7674003359.403259
8318330770.446249
8176974009.4247
8314457010.052888
8048552227.440144
8133794140.249077
6768526281.947642
8180173704.983724
8333068191.728155
7220790608.85211
8320683545.397043
8129322658.143249
7591176417.957944
7686024219.318787
8167265672.802734
8332728928.462097
8005081922.269189
7731720924.197649
7461146722.09341
7874696023.093829
7799486358.716581
8229981246.310741
8163618831.201513
8359385533.547991
8136499538.547127
8258835839.9121
8368945112.847918
7779187273.357845
8245743495.25909
8259815321.570228
8155174976.001506
8024838379.341356
8007222954.70093
8349528824.2892885
7518848731.019481
6336236515.590365
8253100898.521052
8170926589.716949
7998504909.679349
8035259348.553174
8359293425.893988
8227103752.47617
7881571608.823741
6774204007.402799
7668211082.084132
6806822677.630489
7928896613.810179
8201783387.018707
8169999721.54767
7944661780.38361
6849563092.128028
7353918081.884569
7759733594.449528
7840264784.610911
7831578607.959536
8121124979.468929
8242410592.053765
7719106692.296696
7709773707.171068
7693975842.217911
7948227330.35277
7319184345.685796
7401240142.262533
8228306432.875914
7997435452.537607
7923679607.238201
7419659034.676406
7882055703.23086
8079661710.9242935
8356185194.429106
7647131727.094234
7962285448.437859
7922408729.410456
7915112716.640865
8063350223.09026
8336293877.296425
8182452241.775267
8030387274.105688
8063719105.029078
8376950160.639518
8046617320.987438
8256465862.995293
8179069799.483957
8231652177.886833
7934061342.053555
7905653334.807567
8279579275.892206
6809644818.362963
7252379100.156923
8231884166.180716
7929487767.933996
8259558218.690128
8213410775.267838
7186694396.983696
8300319844.173456
8172505670.005732
8348277440.430517
8074075308.249958
7723395084.282255
6411947302.969691
5223865900.029219
8243959008.245062
8316691108.899695
8139469615.935856
8372968970.506422
7558232521.64138
7826862860.27352
8181269914.243021
7826367175.780517
8247795151.139094
8134613075.577803
7882883343.065235
6683367422.74481
6809943552.90537
7588620309.575186
8214431052.086765
7963192796.607176
7438457551.031645
7828721654.154234
8067276699.014182
8045399997.379578
7953949499.379774
7985830680.215002
8021030036.015053
7160283569.580738
8036717215.906227
8306156161.868355
8011237477.635457
8200300591.757574
8030356843.567081
7969803277.382093
7764810492.315376
8229785555.513701
6304811662.411398
8177734999.106932
8266747944.051046
7872165762.332426
8204705022.746912
8133853766.299093
8037758182.932785
8258824487.072052
5906769679.225988
8128472832.74512
8070044817.961204
7872396355.450358
7892661018.325361
7751735646.126073
6889028525.248281
8178898390.588003
8173637646.916792
7400156649.558858
7638931683.998756
7758191955.6925955
7628166378.611301
7927475685.7996645
8268405891.952133
8099900956.064018
8026674651.049584
7711172514.562864
8277565329.252372
7833749724.903012
6755728270.794191
8282674476.682088
7214889793.2347555
7611791250.567062
8265321859.632025
7567121143.860531
6772678375.110806
7673399850.334171
8191865886.43424
8110702928.587923
6102193286.645734
8302916377.864672
8123713775.001184
7962745473.17521
7918778361.190411
7396990118.376453
8166570968.057939
7982696421.7345
8047397712.89102
8227359645.213593
7566720809.9560375
6651876570.488785
8142448814.605665
8282830474.805981
8348277406.108898
7406208698.23825
8156586104.987884
7695073857.344435
8242594173.4251375
7664157376.038236
7529036268.449827
8243020389.685062
7877544458.679899
7770701420.7204685
8229602928.2491455
8124024058.865257
8219697992.747089
7760142636.850886
8172690323.269394
8065648256.119183
8258627359.568638
7795927201.750332
7719715205.609655
8298810638.364053
7937573842.266602
7881782529.518574
7940944266.495651
7769265706.945977
8106423933.106741
8353126019.97265
8316201849.005639
7364002545.869608
8302696543.676317
7903911617.598992
6654570185.78809
7708354114.077923
7877328325.673134
6926793801.427568
8202968518.805419
8057952536.894791
8186169981.066999
8145978964.291937
7619669394.069334
8210813141.452977
7275755248.311201
8240721784.122887
8331786196.0428095
8296991087.949581
8187070145.573196
8357934721.440137
6943440521.201091
7713455026.378825
8139152003.950773
7743537708.587606
8130847801.490328
7446365071.087254
8096979921.385299
8285250632.50635
7481342156.481604
8197021570.540969
7624268507.571417
8089989988.602968
8326902188.242691
7823595928.915107
7261641180.903559
8343423926.752884
7972506392.572995
8311258757.252481
7543932550.192244
6951848308.777503
8002223607.171178
8215217773.455978
7933125269.864946
8029602612.491407
7906215914.94972
7626008625.4198265
8052993833.073485
8200790486.202219
8348630430.952142
8108958233.796751
8134274880.047621
7968579374.503311
7252399856.569431
7963456600.33415
7893030956.877657
8009226877.182589
8331853568.329426
8340509562.476452
7190289202.460314
8332059131.355104
8078982291.261959
6531917596.240047
8321425969.629733
7386213892.090847
7143839086.270425
8257427406.733359
7944141757.630003
8123496809.329824
8018342748.039772
7989941669.920082
8291561547.334646
8242300221.74622
8028906717.296631
7956168333.657948
8322296526.0456085
8356593529.662027
7057032114.286835
8334068845.706486
8342112523.731293
8244993808.312165
8307220327.650227
7454087175.025166
8241049531.621637
7859624387.672411
8354725183.791203
