8348138377.460391
8352847153.206135
8351409854.735754
8351197198.342741
8412660826.369148
8305744349.148136
8378676943.841446
8333633012.924553
8327318859.283338
8234384939.017613
8364142884.067439
8321265236.210443
8304405233.090752
8337522496.341356
8395693126.090391
8357502458.538669
8365420214.638178
8351618434.383317
8313110299.395546
8319355657.102406
8328955731.421736
8378788948.251646
8302484051.536497
8357278288.855956
8372088034.41721
8353796398.364524
8383761285.41319
8330555352.307827
8340978484.432789
8359037174.527318
8369533499.220249
8351327383.4865885
8381059138.239948
8367117670.758353
8336878831.2812805
8364097138.856358
8322626766.853991
8346976334.162632
