8239591700.493757
8359090216.86035
8240225283.778631
8307663158.387192
8283421902.030792
8313101055.511282
8222010705.651363
8164556065.311583
8357473917.71213
7820438120.753593
8253091172.794563
8188427399.221579
8168907240.851191
8309696141.934523
8248593178.701485
8383078620.926064
8134056512.71974
7636143102.799721
8091909904.154625
8235807750.800665
8261148151.878042
8143162988.821667
8172082823.959192
8269886395.501681
8222807685.591646
8134855517.815657
8171282217.021542
8151328283.305517
7889024661.822795
8351809401.591682
8024687291.293713
7628220231.215475
8226137415.242887
8278754810.375219
8003895296.73032
7962146802.024953
8102325724.081464
8299177838.694067
8103770869.292416
8171057843.732389
8173432175.602976
8326953209.304755
8203539456.9661045
8350314144.793821
7920472803.730064
7947836760.49445
8291818376.800411
8340434180.383198
8322191350.147341
8217783588.393909
8012321011.82535
8045575395.481081
8366233926.964952
8185759742.810089
8121254982.07471
8283022755.437098
8338776388.568665
8327794351.2887535
8058458812.043445
8165221079.120954
7947961763.643089
8344783065.974346
8283723309.317758
8304069872.7057495
8212663064.834021
8281344433.873927
8266083771.5476055
8361781880.790876
8244158040.835592
8228225934.367279
8259986775.170639
8196216627.154884
8121387698.286719
7948750059.652695
7783046206.635794
8053665327.129049
7872956682.117501
8071491387.697649
8338389987.776602
8212961200.270909
8331021310.28382
8072057187.480978
8171881856.562067
8347848909.853721
8244893456.545093
8064661018.52055
8325268278.840918
8281398836.144508
8266887836.404848
8352044749.800497
8381558977.11955
8166244730.470682
8372412233.682682
8001058925.190376
8100215460.796394
8348586701.395287
8295189525.192489
8250912490.902071
8235002046.623077
8145160123.010378
8361670041.111061
8122208674.859882
8154194029.000635
8383442276.085514
8341405281.927271
8144476619.27573
8279771148.391962
8334714257.985878
8396716619.525675
8146625826.034533
8350568645.6607895
7864202840.709789
8182181022.868509
8271130423.643173
8204972690.404678
8100862208.410057
8216407281.988224
8220849900.503002
8222096983.892078
8303151278.555298
8340833322.667986
8351431620.512698
8066196255.61047
8047569846.653719
7421719916.432367
8194213756.359814
8351850777.561269
8206041905.700078
8281314411.860356
8227353344.314426
8267522806.261166
8092143061.167504
8266458256.614218
8178671204.056314
8274889906.6811075
7914134283.646883
8252105567.722193
8253591954.867029
8119401624.002517
8288103643.865585
8341978778.633448
8308859033.787564
8085157109.44327
8261349019.460526
8223360599.591881
7866781765.82189
8193659753.277508
8271910678.859078
8178353702.581203
8071107078.887899
8311483767.009634
8248416946.625092
8326570350.547016
8221097526.128134
8305212128.485709
8090423897.401613
8384403728.471188
8370108782.015879
8105804111.21282
8111552571.175297
8225704207.780442
8126082343.201394
7937336087.453802
7826842720.738115
8228189760.94803
8159076044.53769
8238247739.978314
8311637232.39146
7958158045.272501
8354127383.825119
8110294277.580181
8012443502.444099
8292527281.570097
8368827051.434758
8336726937.690553
7784796423.143135
8217428444.779297
8336310474.844341
8393660469.856866
8192466324.939097
7774905836.371806
8347575207.920763
8088872380.815554
8322164491.706459
7939419178.242616
7621712209.898525
8272925962.927821
8297898666.605968
8259603520.182121
8363304991.587139
8318690948.897945
7820011409.31569
7879410567.27968
8293030349.678766
8315987662.907188
7857849764.193862
8259245391.343695
8246603305.88327
8334444254.990982
8243185522.994211
8085435180.683981
8329811552.034885
8188809401.782279
8280225243.620789
8157246813.422992
8093433945.125625
8299793593.076907
8171015052.406965
8355399844.900976
8300964267.869038
8302988123.967144
8241260297.577421
8044714021.861833
8360840214.264275
7736982720.239952
8301168007.17749
8230907548.342837
7800160337.91329
8208674949.701031
8331185793.617537
8183017192.059841
8241157502.600912
8207924601.997038
8223134471.533194
8167088609.717548
8351374412.8668
8286286655.833614
8095375536.846207
7579039930.223347
8045815212.929539
8297826319.878847
8230814319.558716
8214814080.777309
8080363788.764996
8077605488.210951
8317929193.351113
8169018843.554512
8194290893.237892
8307600189.800907
7743376344.159609
8390478744.151948
8278578328.592197
8247320469.219191
8341617481.311493
8185966934.192621
8305426849.749445
8283824755.775222
8329684538.46842
8344869931.989851
7974819395.993973
8337957413.742722
8282084171.920652
8140671294.252684
8259512661.150546
8208496158.061064
8050359172.844965
8248103925.889166
8368440798.903021
8250789400.639058
7975421035.078358
8264935321.587618
8328977117.990575
8075534047.457429
8305039280.527445
7999211102.891866
8272487704.165991
8194339251.614987
8212911415.455035
8360751893.215843
8345099554.141603
8294369152.667391
8371975468.762537
8251884509.945237
8293683000.883618
8205174522.216204
7834886882.32189
8358367370.37038
8227630506.096707
8380040311.134144
8330029419.141401
8289770174.978464
8293904888.774465
8228123763.864847
8204125033.640259
8157848470.69011
8353972907.968062
8361156508.777372
8244784503.842983
8342701436.7821045
8212662133.103224
7972638436.713808
7967907957.266951
8188498912.600547
8224186777.669554
8195127326.617801
8194790500.295758
7219229520.975919
8275615609.785905
8230342822.35698
8326890275.707981
7997836098.3014965
8240510185.364073
7990551176.67229
8238344388.659071
8311896481.178
8337544677.221491
8325064895.69913
8275900933.734083
8317396558.077962
8376564661.469104
8183977702.37846
8232434397.369003
8163923163.075377
8321728580.887427
8279251444.445679
8199740497.096527
8258398814.228419
8149643868.57551
8202395709.705732
8143238853.897127
8309324469.042685
7969059298.585636
8207315860.882303
8122922814.611399
8265029152.743219
8283993946.688395
8370044463.140474
8214407110.046379
8009127182.485426
8331991500.235758
8228589063.998056
8161646934.611633
7836636911.5714855
8303674048.932028
8299291694.115081
8272705828.787931
8302929673.625309
8274200672.352343
7970638520.124484
8161246524.661474
8317312971.24869
8332785519.9199505
8302665577.623102
8357599336.494499
8065442141.496903
8307627041.728693
8164416839.530733
7966308267.567284
7909565812.695637
8130021498.622193
8362787409.446718
8329590323.5072975
8190335084.068354
8208136947.795526
8243226450.370926
8150485391.312109
8330430264.61376
8137554478.723734
7899017017.951706
8219905945.675259
7670484102.492855
8030258190.576599
8262735042.751593
8161815143.73483
8082805267.904934
8235507444.311122
8233786936.546848
8335412866.595859
8233362453.715009
8161879306.83777
8090249327.369053
8316931016.539091
8172541076.912506
7979189269.707159
8314290786.553517
8183925431.054678
8262382360.006964
8356199054.605576
8370173548.286377
7839802028.959943
8003288044.3333645
8233382662.104206
8230321911.177959
8351924568.553062
8254527467.957657
8309589549.377875
8338444623.930557
8271837929.565453
8274608598.248753
8185162676.930351
8221933725.035776
8295482931.860197
8301320773.223736
8157619509.849274
8203482640.745073
8243644311.559161
8239447574.0532675
8167301187.452217
8136036044.880801
8269112527.039511
8288991314.666747
8271069935.173559
8140399376.742985
8192162026.741684
8350932705.977123
8309718710.675293
8350667671.189152
7828835733.444815
8115414950.828842
7750518204.765976
8276727107.430212
8214497215.197414
7875291896.18745
8247715460.658545
8357466228.681789
8160339243.363602
8279567621.396378
8339402116.822235
8279908814.516062
8322892297.684086
8315604238.856258
8153141572.410719
8202584215.233376
8268853838.134845
8202188345.872082
8253848729.251951
8290181643.756199
8236263444.174782
8253051439.254289
7689873058.441483
8209310912.4086075
8049031138.403757
8318821601.562356
8276028751.83466
8187182564.178389
8136613442.066897
8240303125.265819
8220945122.36993
8120619076.241605
8238828888.987701
8377639324.0911455
8331323320.414131
8316283056.753538
8089805284.876134
8320175162.328367
8241475631.206924
8204052792.20294
8314122970.745222
8210737865.001506
7742310187.43693
8168577234.4939995
8290849299.0762005
8223184300.332113
8297037594.26935
8104161216.724905
8356851555.410336
7956468732.49683
8327669393.520363
8167845257.786715
8322440305.65502
8270306696.375475
7994495397.402395
8263003907.899826
8240828962.643515
8356614758.895704
8373879579.077063
8356650222.694548
8271030288.113178
8312133098.310781
8265804876.342776
8340806883.189014
8334605107.59668
8008561802.510952
7805842435.44821
8299552426.927004
8013185771.015861
8288534695.188435
8298868161.792456
8132828851.260594
7684957185.210094
8276637907.254344
7922559180.866322
8350370615.22579
8265340841.200903
8248732818.88809
8360841482.8861
8323374767.8657
8172026757.130127
8274531403.342122
8256672978.474152
8284078429.25392
8204603918.998756
7982065419.268866
8271670723.358366
8226053081.209521
7876639722.431986
8052330462.657341
8291638970.444268
8339076457.242371
8339929031.657299
8270138905.107983
8382258227.423214
7955802589.460127
8293895747.777809
8142908185.049815
8246710117.188591
7967954000.898823
8317904100.619461
8344249657.841749
8315676264.60376
8326834931.690601
8350392826.743519
8352729322.862812
8293684800.387419
8326339135.859791
8292217654.253946
8136019549.97579
8192894905.417448
8114087574.35142
8240488345.066013
8328146245.118401
8325668250.070419
7918052273.89912
8351410028.47314
8132359157.903439
8086665088.20184
8034029751.0342655
7950617089.89744
8226136530.883169
8027938914.88119
8251218672.525882
8284492051.593946
8090552014.315287
8294442732.544457
8272176353.30533
8312453359.31785
8140677895.611727
8275245473.183088
7996544663.865458
8145398658.50934
8209488754.9738455
8141227397.12414
8227858865.808056
8345386002.109119
8363698770.694911
8181733568.511401
8334849501.195374
7589780796.778229
8271767922.734235
8065483532.353449
7942249558.655653
8333674979.729389
8312725213.7311
8251440003.342453
7688065432.595411
7979905411.040134
8310810956.190055
8314893392.416273
7645559303.378878
8262239237.80955
8354294010.643232
7876918266.659037
8219084038.897896
8080939015.7937565
8347360025.694422
7993604302.985001
8186653516.931564
8326175839.803087
7759280808.187485
8181983819.446131
8033468802.086289
8326285204.699049
8292104348.981455
8339024864.652203
8370542617.789013
8311721568.148196
8382343827.089598
8300098295.1577835
8332574599.269545
8178832276.583682
8086411974.647417
7978604666.800011
8204959003.395344
8202197871.53944
8275491759.720106
8114769464.777321
8211589380.542221
8183720234.223483
8179040032.547111
7526904424.672917
7818618831.637035
8280345356.22954
7913889085.668642
8131992849.581438
8156853199.697676
8235840856.526718
8195145412.772007
8323222233.304575
8232910839.241949
8296339094.447878
8326264852.284913
8190242879.831835
8330683837.595911
8364564944.874966
7977955388.477259
8121549089.757036
8226190453.952198
8234231599.560023
8278691443.241965
8207749519.506311
8342860010.075672
8248278018.689336
8343627690.472258
7839785065.853325
8204120490.110301
8100183778.854731
8094250022.891121
8172043136.140661
7962809678.390604
8358614819.603479
7993048059.047413
8296992131.460484
7678129639.133625
8290304294.09856
8321656632.474396
8163624700.544117
8199233069.083628
7868675597.730898
8189581591.466328
8119797331.364297
8235579452.183562
8249499213.623516
8341903814.302272
8252422555.140816
8315981662.39287
8362659254.672138
8355601691.950164
8293570531.354747
8149148410.788059
8322196079.797735
8355755246.422803
8278715221.849672
8177173236.806073
8227848558.173126
8155338620.359482
8004584956.599214
8273839215.304077
8185351919.105217
8106008612.180105
8203299433.036177
8007702915.658571
8208110188.972019
8054653521.963091
8208198811.780232
8290457833.250723
8132741449.807744
8279581929.049686
8298811375.342585
8256805721.888636
8338309760.103495
8262934510.13184
7828537042.613951
8219333194.609434
8355780563.490747
8338748517.928711
8113013746.220011
8222257967.687012
8356990601.714092
8291242755.047953
7022976457.797564
7903557950.703832
8345538927.94823
8124121513.516004
8342494949.114035
8000052249.308756
7966273499.85069
8302017703.572258
7844319569.627956
8244918981.658282
8250908556.310046
8327552041.731478
8253329131.987841
8127358138.9618225
8358298177.388436
8345774551.531918
8274351200.012388
8076912489.056709
8218920130.484362
8101510317.693312
8252167646.9144745
8260352061.485832
7824552126.181336
8321602401.555136
8124084628.515984
8342622274.423454
8189239427.30806
8298498413.701954
8157674075.156488
8165349708.300857
8026964962.4608555
8351189700.722487
7869713015.83935
8388164542.44792
7923958808.235783
8342206092.31525
8286654395.008835
8226293788.755953
8317567476.05699
8265528282.983164
8338767150.90192
8319840493.365444
8385488591.484482
8238942499.828711
7790404824.04385
8064880216.860107
8018092547.929241
8335760366.409057
8041278766.856874
8213210108.867672
8154215268.33896
8303069152.295406
8229853454.936676
8284718453.5224285
8078153043.168768
8199986990.869919
8308268049.008744
8121899302.192677
8326903067.025965
7879211963.930847
8305179641.873424
8169989068.852507
8224675710.314692
8190665595.300899
8338728350.781481
8070194732.766707
8153763168.336104
8262839510.397978
8076302323.455803
8285393952.2857485
8268181134.54332
7956565993.093676
7375151169.043019
8303249803.900578
8156493945.279917
8309435021.254988
7800500740.253905
8324769430.6037445
8323526662.864931
8183824268.062555
8130687148.39056
8189098788.322154
8317587532.756004
8050752533.8644285
8268928504.699262
8105559105.745251
8282705231.132332
8188435110.838522
8266743832.30308
7896314677.627872
8352811325.825195
8308530226.480116
8338622347.135586
8336207935.828985
8180219038.912025
8270067611.050363
8358925778.610295
8206540213.103449
8348970369.518864
8238737498.6102085
8254381596.441952
8173898051.644373
8347580389.730712
8011083138.29043
8071996417.991639
8349888987.3238125
8075237299.37361
8269148989.30298
8202699792.730322
8237930778.573564
8358333483.726555
8303535785.073423
8251682033.940249
8136688266.789984
8363394448.266115
8265582398.3789835
8218348051.414133
8152291616.059233
8059382293.231783
8149731821.158672
8299978608.10152
8084303070.618532
7875267977.923939
8253897724.840097
8207771020.118964
7515688331.152588
8267403846.362577
8154718523.104267
8336774992.834479
8094648922.071616
8037435312.965694
8252612272.95224
7973843301.358699
8246325393.890984
8058449290.397715
8324117044.897053
8379992018.546458
8016872962.298629
8253318485.357271
8080595293.546118
8070383370.796653
7303410232.940966
8038605098.824936
8317799581.915879
8213836812.511889
8017970023.919451
8211366243.579634
8235380770.765585
8366643909.138779
8417628332.048338
7682852021.936377
8367979653.477276
8277449190.984478
8343775374.442049
8222227703.320375
8395433666.769142
8341203319.006981
8151861096.089987
8217119168.778542
8265568761.590937
8302088383.385922
8222918920.323833
7910031606.455555
8303769225.481247
8326874211.530205
8342620958.411623
8260680069.465849
7689142527.334086
7201341807.938502
8272531502.743231
8190539283.537436
8337474213.718082
8365523875.854847
8210310817.178085
8135654342.312885
8356273814.509682
7969448165.725075
8336820120.897322
8269856910.431625
8369269506.720732
7914958145.108415
8309894288.005556
8321291921.308074
8290071859.248832
8335111658.382898
7987228213.121672
8113828402.271866
8067784228.474218
7943803852.050198
8067910855.964092
8355652954.496816
7845766977.984648
8331858833.156435
8296882215.159782
8076026016.614507
8284165623.971431
8337023050.5685005
8348374871.179127
8374361166.130611
8217308982.841009
8211280615.767743
8250133623.763756
8022111341.755751
7780818809.662392
8131764958.877791
8329630256.559792
8311686254.092684
8187943447.79561
8144154422.373986
8349029364.36009
8363736920.663178
8245549991.5361595
8291022043.162771
8099517256.910902
8216063401.731943
8326817011.695095
8187902013.027533
8324357870.455591
8261396878.750444
8340969567.987548
8280194087.301287
8353098819.014398
7881831997.66362
8177102722.966141
7589496327.647726
8308864228.447851
8236730192.357735
8309357393.400248
8361670983.352089
7925480869.293196
8335588513.058586
8204745543.783495
8232269353.133024
8165965589.482376
8334543375.969854
8324917862.954145
8168441798.609552
8072949938.994423
8037124698.327578
7881390154.343594
8278136505.874363
8379737387.840916
8327537753.346383
8174225118.447077
8197399470.0536785
7907787199.877573
8271328217.722836
8313402793.598774
8134926488.366413
8323789974.324733
8307957208.223281
8315265395.54155
7845311842.36284
8341846517.341303
8235382590.875839
8076012504.35981
8260935084.356536
8273401100.011444
8350444120.15876
8301186077.066195
8243650712.231538
8259978792.236953
8311935500.168844
8233657604.301873
8196514847.287954
8283772816.95318
8164507871.506902
8338543505.313351
8052991381.406954
8096897796.383159
8275563773.519468
8336412398.329624
8362742726.919539
8347486204.774222
8160879872.090097
8198018352.849883
8172955436.032848
8239554564.465977
8337270609.869328
8086381151.528044
7933216804.564023
8266401664.605881
8252998903.217916
8142414413.600073
8085209278.974522
8036676625.769852
8191803335.194824
8255996513.716512
7963433772.568179
8289240255.575464
8335968062.294313
8296362202.883479
8182702559.845961
7906627337.365162
8269343133.600112
8294470102.671442
8295960756.310758
8218833751.025551
8245090750.787695
7825114730.3410425
8277031922.436106
8357962068.26503
8275725273.445269
8268507025.23391
8375457503.229401
8298260176.691195
8352764112.76552
8349411357.012216
8334711421.137156
7944336894.820975
7837749810.7195835
8346270297.757564
8130729628.291143
8216035144.312098
8027423127.105373
8227876908.122929
8185460016.586277
7684592867.254402
7872473446.166336
7795276401.64126
7877650852.346912
8367789492.7549
7477194618.829328
8260445959.85804
7831270201.468127
8319845325.00549
8113984320.555206
8134855579.215687
8326196919.21463
8359065408.149435
8325727252.238824
8069827732.438158
8024582237.672941
8096163153.830396
8288318599.889179
8296800165.579739
8332119561.146787
8228860437.616104
8323387037.917255
8137743688.059084
8309416032.675953
8348652459.43969
8188160674.461784
8128923623.220797
8362447837.818876
8370093528.621824
8105333735.338072
8374513314.486954
8354222382.81531
8308259573.737714
8119937503.416203
8346088911.449186
8147292304.325251
8376777327.434979
8341143793.773993
8332768700.748328
7607777694.037371
8351351965.443121
8329854100.328218
7791808036.691372
7940270392.741779
8181327157.727476
7819189558.33274
8321816311.967373
8019959535.288424
7936817774.086737
8195733564.333124
8304277786.812071
8059418972.9190445
8292772246.929731
8293699812.465546
8073344812.303219
8262453384.987005
8253484648.929897
8331605522.775104
8061253784.490754
8271783573.561417
8356600787.30583
8026502103.597194
8184658249.864813
8340818188.63184
7914151000.485017
7807046968.761664
8283969130.45245
8196256888.836897
8110524175.300655
8242246849.8356905
8259540928.279768
8346298232.821409
8333595616.836716
8313319103.984934
8189245527.418642
7830138579.827475
8332096982.2651825
7961511558.025074
8341638960.262091
8198616950.568912
8294449222.858877
8049151689.941174
8310241604.846489
8374885040.470623
8326770245.208595
8226077325.203661
8232464641.359186
8363890840.650547
8083753494.619583
8370351129.437615
8114586964.492872
8303021793.374611
8247709735.855541
8174321163.575184
8149804406.412614
8232312507.948339
8343140603.201421
8280295460.25813
8293705725.425056
8150267747.849226
8297628921.767448
7956140887.907789
8060485240.842773
8131755394.888055
8227609976.151306
8298134516.893805
8352810516.890911
8088911806.018383
8316812996.430237
8346507224.64368
8103667815.584608
8275841699.985771
8254299385.207946
8213330891.409906
8015779852.709204
8156703483.466837
8047980291.466435
8042376148.2196045
8058248138.075531
8137336850.970955
8306118227.64365
8335721572.872372
8180773685.987862
8361956373.629227
8112549340.161242
8032825066.896755
8350166314.788258
8159131837.944859
8290511483.663029
8246681946.684801
8236181798.324106
8315661686.96838
8227723121.378489
8352258415.453136
8140482872.809601
8340049490.189735
7784580910.466072
8203816771.236659
8109424274.215864
8236284035.256946
8159884452.856371
8185929044.967127
8370370749.833935
8232828949.179503
8272568805.200923
8208480598.08375
8112372441.048107
8204133555.578663
8323549010.437128
7941084474.84647
8334168034.774607
8351309560.572893
8228018395.158758
8142444310.077013
8072556552.295984
8252599804.397614
8344840046.209877
8305838304.677166
8109500537.893215
7481619236.993823
7866385652.006619
7917910977.388584
8128320561.485165
8029817237.84734
8154264446.353582
8228582603.717332
8168842098.374339
8324617402.663015
8288836684.646219
8212403760.735602
8041804615.614793
8311975296.550399
8289932680.68437
8137619088.282728
7977854817.404589
8363735292.468324
8301490922.238909
8298515793.428232
8311171024.370813
8272194657.493385
8296876243.995772
8341022028.864534
8167485556.4940815
8185530891.928633
8040405908.246453
8067608249.965288
8328637914.60486
8331628899.385102
8022374176.921202
8214272912.316318
8348607134.217591
8117993314.009645
8220780585.332287
8308863973.651144
8317487867.969998
8071992362.025469
8254379873.354115
8364824755.689625
7545342038.789015
8010996584.209536
8324253890.082413
8287976020.130795
8080068202.783806
8288835068.691629
7973831994.410607
8382139228.966049
8325150737.530979
8255617818.482582
8049026893.317139
8304293870.807905
8021082763.190155
8112902373.299744
8247685885.534733
8201982059.846912
8314498592.919357
8306711600.128606
8371239689.810799
8022612075.721895
8332324970.710131
8184636262.937601
8145782785.605207
8342155600.672501
8075491452.047432
8027809464.48763
8291437880.386404
8225026933.6607685
8079833298.233185
8348247836.724287
8332802356.855403
8228234396.821796
8220433456.473276
7967190649.63419
8275567249.0241585
8284746028.786123
8281621874.269409
8354035674.787734
8197713770.198131
7821924371.660543
8205025116.612497
8212602012.417158
8058926058.318575
8344229464.741461
8258025513.6730385
7991944257.378403
7812519171.150604
8133558933.313342
8208078888.939209
8253389407.30339
8328140479.384668
8286627880.740116
7971236750.526775
8295847531.524246
8277642176.937132
8336027251.200815
8088558065.36628
8263636132.959763
7879933257.591548
8243341653.777783
8350132895.645594
8330901444.943931
8118660100.901295
8327420922.587595
8325658287.890685
8312959730.3439045
7932879981.262473
8048367303.32773
8197627550.70763
7921281741.034384
7997030884.793234
8274177876.54792
8331250295.831566
8325277934.353078
