8300848576.7613735
8367503299.229992
8357327679.823454
8352257817.69533
8346840861.673241
8339511489.923531
8269936373.636745
8335222756.281884
8387215035.671787
8353138616.397771
8401930714.111139
8373266541.240015
8335218298.433264
8336059827.302104
8314885963.740952
8359353459.995989
8379121116.630559
8373691363.824726
8392092043.533939
8374375775.866494
8377264296.327703
8305020007.963251
8307911837.723871
8337665864.215918
8344962479.217438
8356203205.816488
8357472847.750015
8276502452.395208
8338933640.847754
8402682393.211374
8295786548.223503
8314327725.572911
8328165349.267563
8345205805.099773
8381515828.245031
8273084397.669535
8341828635.721922
8353671797.649261
8316302125.758226
8365918328.426539
8325782998.026052
8346046672.063671
8333663755.107697
8360682373.547686
8363078705.359856
8366720941.201666
8351096315.082397
8315695511.602341
8361355683.085373
8263538465.059028
8397771929.676563
8363128993.763872
8331700433.525764
8256320923.171737
8345212667.586557
8347992942.831833
8363683983.973137
8318069144.463055
8348885403.10944
8376810955.750711
8375438201.926243
8364084213.649481
8362356778.7341175
8356705118.68833
8331973319.946785
8341092943.467569
8331500296.0028305
8356538588.573666
8325297348.339963
8267703962.425282
8308501064.985867
8365032149.768634
8366041694.552681
8344815399.506352
8351585810.967033
8350933560.470062
8368055618.723473
8290453160.909788
8351748483.953436
8344130074.123402
8363364237.485184
8382313495.143509
8363432733.35734
8351856995.609546
8342657767.283493
8269251849.602373
8321874214.35242
8311101210.669653
8373138741.098904
8389067967.788169
8325396246.4655075
8362630204.2809
8359452564.61828
8342024728.13157
8350465442.296985
8307002274.510879
8331830301.7168865
8375092838.890042
8305894965.230484
8362532817.464005
8349200226.287548
8338522622.097761
8348818393.866213
8377748764.914767
8267122262.838518
8319229831.954128
8339888354.6248255
8363432470.93989
8357243190.907127
8344205735.181983
8335520752.190749
8360698133.271483
8280134605.26515
8403661705.408361
8369454627.050211
8369165766.775555
8291955798.350306
8309595961.812868
8241666539.534281
8309057458.315161
8349144389.129033
8348877259.232226
8312983170.16823
8340633567.957462
8373181506.584801
8313640340.183587
8355192543.74774
8368535861.452249
8311279886.997116
8345203972.699337
8293197957.949741
8365420792.181644
8352066024.010084
8367986996.305216
8345383437.597994
8366921046.156111
8346900848.450193
8358780738.629221
8357561081.452171
8377319914.199186
8321131755.097881
8325143985.452513
8349973039.600991
8313646380.344349
8314850580.044073
8322430466.264216
8361625049.981758
8321403179.861761
8385788708.892841
8320420390.6778145
8362858005.911205
8261444688.95921
8355599522.623291
8310968495.574562
8356079281.255119
8359263316.313308
8369796644.229568
8359861569.888532
8329460923.503131
8393886746.139709
8376387596.194035
8343650954.862961
8325812304.255014
8373083511.640221
8348089786.803392
8330102165.504634
8349776350.509193
8394840254.33898
8377432550.039761
8352889062.531495
8372616758.013782
8309858444.569999
8343080516.567318
8325855525.786651
8386770842.990975
8314947984.590324
8354293873.76458
8400178311.709545
8362200478.290919
8348406793.397213
8365010198.902116
8357003546.335964
8340088087.281896
8367357640.653489
8377997846.236387
8322118351.2911415
8333614019.005827
8338118577.828821
8266739780.566525
8340236981.7476425
8341381557.7670355
8344630857.429716
8326574640.51392
8336001334.772512
