8239611844.652468
8336553608.770203
8360438983.402975
8353040912.842245
8348798259.296942
8324771801.208767
8357512145.3742895
8333859405.405539
8277225447.667646
8353105407.566584
8355268107.503996
8334854187.936239
8356903636.991591
8331987124.469641
8346634946.948015
8344167157.441423
8367876468.846872
8349437352.4021
8357328359.410336
8374056723.155274
8343074498.394285
8337662098.892141
8284889283.339844
8303440467.0435505
8318792570.235733
8395478734.800592
8289850682.508167
8342842465.347797
8354015148.116329
8317811748.051512
8365245971.341068
8264584548.758648
8344553702.912203
8378238709.035799
8340054567.9987
8375996964.271063
8278977538.983039
8319301368.688683
8366904433.789704
8296662764.130091
8367397440.630646
8276760275.6302185
8352658610.617844
8323449373.18149
8332472164.922536
8339551396.001102
8349453657.703884
8347669652.482027
8382087260.810196
8370745942.585453
