8273178182.024457
8342339937.794525
8371743633.809988
8349187570.599963
8343798100.424961
8332236906.852615
8354896141.858511
8319561117.115414
8320040161.373949
8368361224.7277775
8320078367.460214
8335977453.932034
8357389496.944908
8362249334.183937
8368114741.592836
8306168360.79571
8310812605.40837
8359602306.309585
8340214741.894207
8333335133.586731
8328799402.176288
8356603469.2618685
8324147108.849295
8301796461.001593
8371819751.811443
8311195523.110173
8233105225.233421
8345627750.352709
8339462673.46646
8247584404.192444
8368076028.943181
8263822336.515006
8353310632.550394
8335448056.534836
8365197924.024746
8355137520.159649
8314308461.914671
8354144582.096098
8333374448.992684
8386735862.200953
8354247847.56048
8257613011.853859
8246202128.203133
8313117520.474753
8310335390.148375
8365976380.591801
8288690953.8913145
8350168940.204432
8322038219.530804
8379586050.851518
8395327954.948759
8365002958.972473
8399477100.513394
8370613425.169481
8365140250.819529
8336519199.081682
8345578500.395697
8366871246.5602255
8335954894.4026165
8386955953.53022
8365736689.056388
8354480420.266657
8345605031.322044
8355814099.081171
8357489430.029087
8286805879.797218
8372289601.240117
8341248095.3980875
8312151539.038151
8283096177.555901
8360708425.480204
8361450126.96714
8363169327.949542
8314621531.159285
8301427924.25579
8332296044.239603
8360194684.774085
8342298680.567133
8364462041.681884
8325118506.754763
8361085586.353891
8363668670.630039
8353665949.696857
8337540236.866734
8350182307.6344185
8318906416.705915
8326990196.991421
8332229588.386076
8359663237.841209
8372474984.093113
8369035672.846935
8323193571.692814
8390557138.860722
8375254182.910353
8363006643.603802
8362655451.368706
8344158097.81889
8319298780.208479
8352154207.743409
8349136788.370972
8321784936.027477
8369469909.176701
8349745455.073121
8377121218.4499
8322117259.746095
8324225671.550602
8361660816.648407
8282814203.783565
8341846910.720787
8348519974.630409
8345536938.617536
8238755895.423982
8376557930.694403
8328260012.2921295
8340219210.663795
8270955296.711693
8309449047.036991
8340952364.124558
8350450484.753782
8272810675.024459
8287459368.369707
8376676071.782703
8283843304.198712
8288394343.279891
8305284128.282448
8339065993.912014
8342248371.333152
8354959635.354926
8314487868.672865
8403252465.695051
8276410673.966761
8349060774.731434
8312315400.159462
8347242017.472472
8313030322.237119
8189880193.983696
8351768820.190548
8354606303.378485
8359929688.27928
8354850069.013828
8336900254.034694
8408003226.332151
8369256272.813836
8349719943.337636
8347568065.555347
8304856330.64381
8380806160.66164
8355902420.603107
8367795943.389221
8322847436.586618
8372884531.301943
8343058634.478248
8371413030.047166
8387166055.245071
8311850685.374505
8370432259.663147
8381196882.001229
8358532871.215685
8371153350.552256
8359811545.90203
8302518029.186177
8371926281.5394535
8335059867.36171
8385754309.256691
8327682038.404362
8323385246.952471
8334597214.5570135
8316344837.445669
8358109379.948769
8362284996.406519
8329618984.212587
8343117535.6657715
8387552363.54357
8292447435.704471
8315376337.041901
8339113782.054401
8323783517.353749
8323948515.840864
8371092779.373913
8378791525.950197
8365320188.195669
8304062508.592849
8317269946.833618
8345013419.419339
8367269320.830811
8356218801.474603
8310573664.240159
8331811080.223764
8364720424.929859
8373191595.312662
8385639175.288188
8305184022.6001
8310884827.856968
8334661917.447134
8341662393.365721
8308651419.69824
8327923073.219267
8346536024.619972
8334250493.534401
8317500525.538801
8292886266.344864
8329928779.084396
8385540349.100006
8280146969.117359
8339234879.978292
8349304383.407872
8348669259.896765
8371712787.341439
8343712520.899231
8324820503.521376
8346871079.683134
8329303844.960121
8348934223.292685
8306795306.197151
8380357975.392078
8343262041.808796
8315962967.498486
8338845245.867853
8354640695.481928
8385859990.816269
8339958830.421852
8371156272.257439
8349311798.55212
8314758830.258806
8348454085.318792
8358662483.716574
8307402025.675598
8344206137.151745
8367941567.782539
8344081327.113472
8361275351.739119
8391063377.938491
8354433023.95731
8350438353.832481
8346986140.111395
8355859669.270094
8329542289.966448
8342026214.001895
8287573531.599741
8355406994.403254
8331603122.69281
8345343860.630119
8363116830.6253
8331676404.762299
8329825992.806519
8327011974.154879
8347650066.454462
8348570132.295109
8344128058.711568
8360725629.589914
8290821203.670086
8255902032.666881
8368232764.384317
8371584845.311313
8361031743.532208
8353739565.373081
8289026689.78768
8331126145.131471
8359263632.504646
8306272533.952337
8389056842.192604
8356200308.56804
8319887892.82848
8283956491.327192
8315134921.950701
8343653222.729223
8342570793.683406
8308082397.775532
8341505557.232491
8378412411.245712
8277358140.675974
8310263878.288273
8335500239.763222
8371408829.188328
8341123408.7416315
8397302678.44615
8293013499.0003195
8327059058.418587
8318615889.329192
8357948866.801807
8349279453.91777
8381716604.82073
8315752562.232588
8321762476.5529375
8345497803.039549
8327591250.135742
8397399150.844044
8359101654.060526
8307233098.710638
8394584641.212868
8362283909.959427
8374670372.954041
8380409210.18532
8292456844.046356
8336628008.892683
8382448773.725
8361973380.447834
8333769489.582914
8385261169.177532
8354074522.392065
8367238108.031
8330419831.789619
8223769682.64333
8355805950.49206
8355262757.01362
8378349082.574257
8359222224.864712
8304601960.162882
8270609945.494237
8350409988.342222
