8374511188.745948
8372035614.506369
8297915649.286998
8330195973.0154705
8317013089.380596
8364043121.289663
8348138377.460391
8352847153.206135
8342962129.060652
8329658809.681919
8357046211.511062
8345373282.908459
8364768866.648308
8324744410.1261215
8356555985.605783
8357210269.309122
8350913904.112898
8348327088.751738
8370021641.766653
8365527321.395048
8258192803.881963
8341965585.036625
8289704491.185867
8344462938.4952755
8347324088.852118
8363772036.846905
8286176613.527868
8351409854.735754
8351197198.342741
8357574186.148088
8387940612.32785
8329012686.932131
8367342920.849215
8412660826.369148
8387530999.8403225
8361988729.971859
8260940602.736588
8306021974.010847
8347422245.40764
8327477344.652529
8381298469.743963
8287605324.199167
8334646675.552938
8170882146.448674
8305744349.148136
8301073879.568178
8331336483.973894
8336026615.343247
8341489778.123001
8374976539.329403
8343364453.082512
8349200059.257788
8377341993.299985
8327883031.878983
8320516810.588827
8341180211.446192
8297133606.350946
8348025884.104763
8335952842.265102
8281645398.44536
8315060271.055525
8310841374.099354
8273181470.745279
8354872294.669292
8349544429.211918
8341333412.267424
8345246589.093351
8331147700.498133
8280630098.236298
8238910684.939675
8370236368.562447
8284752071.0693655
8356405833.436951
8326519592.291552
8273446738.867727
8362805370.707262
8321382675.1802
8355817945.901777
8381358906.104695
8286116053.3353195
8325832101.975092
8363102910.099302
8285093327.213674
8354156981.48558
8354188211.825773
8378676943.841446
8415238302.7902355
8326546809.939413
8343178485.036791
8381812130.858786
8364157596.906443
8337851307.384703
8377093558.355373
8313103582.812607
8354956490.70137
8306358712.907307
8379474566.617537
8315763462.865735
8266447482.084665
8355779606.333394
8311903187.661148
8276996014.122744
8356562509.759468
8320188433.118767
8351577822.838219
8352891850.523993
8357570042.80509
8339803611.236263
8325351373.316717
8333633012.924553
8363032829.385891
8325799487.026079
8340953809.878897
8367847319.628826
8369465408.532265
8343897207.574202
8326683757.4962845
8327318859.283338
8234384939.017613
8380102036.964991
8376500612.777586
8311313379.235046
8339363248.61825
8335981244.238522
8351968357.314454
8343869590.558933
8354732366.576847
8364142884.067439
8341824767.812398
8328640547.905489
8322937146.988888
8276637927.353729
8326321322.715916
8312577212.494296
8308887990.204664
8321265236.210443
8338944119.326139
8333394821.734154
8376357762.027563
8305490600.055347
8356370246.982363
8347485115.440418
8348594639.27947
8353310877.723093
8296519972.711245
8293384166.721607
8361228480.089972
8296305362.952525
8248758708.505867
8352865503.510397
8315023851.538576
8336562511.33936
8247755997.158639
8348856174.065881
8337876755.224909
8323752535.090448
8360004416.003907
8340099850.93305
8362938977.600676
8304295705.344657
8304405233.090752
8340946146.986299
8343769615.525591
8334286763.331795
8265117349.211728
8324307236.1156025
8377937507.333011
8197968822.67975
8326027623.763254
8342433816.102449
8299259438.858883
8396508937.558608
8346550695.858603
8364706043.059385
8342270239.217762
8332035056.27754
8394669458.75647
8331150276.317358
8375411109.622175
8309691899.833999
8383491116.574619
8337522496.341356
8369173387.917173
8330852452.256672
8382964219.46739
8257907401.097635
8279147347.093794
8334776925.300148
8265905519.768521
8285893041.3865795
8373760401.477474
8353827784.184343
8281256434.25618
8278118848.340813
8323246308.583157
8395693126.090391
8357502458.538669
8244191257.488209
8374776462.296852
8328761747.042215
8277300935.075233
8237874107.866552
8310264650.440155
8328973164.245853
8344190470.946493
8370966678.445674
8330710026.461195
8357867523.5225935
8365420214.638178
8349797612.542303
8351618434.383317
8355048334.553129
8370539245.640031
8360193490.908363
8375588024.384036
8369427222.441893
8318922616.61603
8313110299.395546
8364093166.153476
8389801258.236124
8262430971.462318
8319355657.102406
8320256230.079805
8328955731.421736
8232595180.537284
8362569087.66117
8351868194.67996
8294121105.037104
8301883104.792299
8329019318.04651
8358906570.031097
8268804755.617489
8266380391.9459
8289434157.441759
8290237557.908033
8341040195.800494
8403639181.889023
8354053082.845632
8366540010.368074
8356673882.060193
8297976299.687357
8310844458.179544
8357278783.87854
8310495257.302345
8370201956.401954
8367715637.656949
8320723497.952166
8366512098.678099
8387171359.569543
8318808910.911329
8275689167.169184
8334995700.849329
8355018184.266917
8306213273.929453
8354201288.429781
8323670556.261295
8341418442.996896
8321128190.224775
8336393699.705182
8376905000.606478
8262059376.309174
8324034696.337103
8379056000.181892
8375509347.892006
8378788948.251646
8268637391.590675
8360198977.058649
8347231789.34586
8302484051.536497
8357278288.855956
8332922502.357645
8382347752.583986
8355929934.864059
8297770016.32551
8327645878.064112
8339922666.83516
8351238821.12266
8273305966.718298
8306857462.41931
8374939161.155926
8373514417.323355
8363561126.548307
8388371774.760474
8308560617.271427
8355287087.152266
8331253163.555707
8372088034.41721
8261625398.705048
8283772656.380618
8403569298.949107
8294802358.700279
8338394988.710265
8353833848.872022
8319104771.891098
8237956054.956438
8387872710.310169
8349241029.4782505
8304338477.1348915
8346983072.96134
8311706665.932121
8271532338.797349
8339412931.649536
8366129551.403166
8305742762.942133
8370302822.312973
8377846494.831001
8365997678.045305
8321867446.71628
8309206215.452307
8308445870.490128
8331081057.004847
8364409436.359619
8332791366.7613945
8350714570.738612
8357501488.891024
8362609719.826059
8328946362.973494
8287483061.385139
8145277422.512619
8353796398.364524
8367497364.657537
8357465638.606585
8343790546.017986
8295312864.518171
8310288358.8201065
8252802203.980955
8367893519.972793
8333082369.86569
8383761285.41319
8344953763.05011
8306986564.810838
8353042172.596006
8302508248.196831
8345904484.311993
8320441378.37911
8330555352.307827
8338405761.614113
8242761303.296911
8388325983.333712
8340978484.432789
8359037174.527318
8350842002.585147
8306051211.023699
8322111837.45291
8327587613.235115
8408920404.378556
8369533499.220249
8362992504.35224
8353886226.7408905
8340953124.8554325
8327120681.542261
8342940489.148331
8351327383.4865885
8315702205.179602
8358425642.966171
8303828589.967699
8381059138.239948
8367117670.758353
8370147693.5295315
8338461122.958221
8341416932.148993
8362359883.063312
8323186424.893659
8336878831.2812805
8270168433.586426
8374368710.108723
8364063497.45944
8270598374.1426735
8215740584.245308
8347259688.196631
8339212812.13412
8361660136.813247
8355669236.307308
8346940229.741318
8342670176.82675
8351999893.816555
8328800523.786783
8351755057.985323
8358269366.580885
8308980759.4097805
8330094567.215101
8371846183.913464
8365567618.957222
8371833913.585965
8226592239.216206
8344791551.591956
8319844767.594311
8271672843.723846
8331346986.961051
8364097138.856358
8322626766.853991
8346976334.162632
8308361714.098473
8332596374.650961
8361670294.657923
8367284432.400642
8318071417.157539
8359110929.247555
8334461050.269119
