8349243813.474748
8306047056.323179
8308783080.403122
8302906850.863543
8317598585.206945
8342480517.842317
8381795824.055969
8356623469.826788
8267992961.910986
8312119258.974854
8298908070.270181
8293904329.573245
7966839648.087936
8314112185.883905
8340509019.163452
8347831098.088288
8378653805.8762245
8325611230.510579
8224157744.506477
8352517512.01379
8293633789.31118
8350283151.839556
8098796065.031227
8209699518.954157
8350564017.055135
8344691306.88072
8324423565.169981
8294393884.357483
8198583891.573749
8325397581.653912
8343569468.110557
8290764699.475176
8309453266.979225
8367913970.90535
8243891958.063242
8117071372.265581
8352049699.12932
8331768738.004929
8387243005.738321
8385960943.1437845
8341916733.050287
8360521548.29561
8363860572.28596
8421332464.640824
8380817151.128197
8352820579.584715
8370654500.624042
8326957067.383135
8261945890.374119
8333854542.464798
8164844733.257919
8338876674.715454
8348163352.722691
8337649863.16526
8312931008.314842
8297508717.571476
8353464375.512743
8367204744.583412
8331665791.4566555
8322323372.449522
8346827171.609347
8208869816.054482
8373942075.982763
8346549630.996953
8252976155.572962
8335553262.981839
8302893063.584423
8337120395.483196
8324975138.848814
8384374496.056307
8367271684.305958
8324501040.358606
8292374223.467018
8347652360.512098
8347513807.9215145
8246196560.987114
8368287604.190317
8289308909.004648
8253129259.545038
8331987380.0697
8320911664.755009
8334788011.816599
8360760861.532038
8301870370.451897
8251368011.476643
8390501925.958899
8248751016.957666
8396589207.461455
8278969097.330767
8369088851.014652
8361086833.165339
8318395197.6401005
8311016684.791576
8237087375.244462
8352018043.903227
8385310696.376501
8344959240.335455
8309062294.053209
8240577287.315207
8363753766.304485
8350794466.166044
8285133492.034751
8372977800.265099
8363119232.055548
8283321462.407152
8201347095.849957
8279875442.440289
8278650988.402962
8312003432.806089
8371562135.576574
8147648114.530857
8269182862.363846
8350235330.552807
8318307668.4771595
8259604664.7946415
8265106439.352609
8231678728.880123
8332939061.703811
8323830434.4737
8283113969.567992
8351163358.84667
8355546092.343134
8317526542.128704
8286266014.200781
8356562926.385573
8333506666.485239
8308525592.844963
8357101882.895692
8352703132.023484
8330258759.910076
8261884726.659837
8204233576.368589
8341869953.522633
8332868125.103513
8368444622.123676
8365470499.669968
8354251655.299709
8325558334.874185
8354131229.091698
8212897801.797773
8394707033.584481
8372943844.257578
8359224593.464838
8257273651.691016
8337322084.79171
8350878993.607616
8282918240.930315
8352694871.848198
8325984418.399939
8345507418.566311
8362003166.422281
8321703853.149826
8349681876.047282
8145771598.87569
8339224662.3697815
8338538518.954
8366141287.5724745
8327550574.026382
8355992445.02871
8327256888.378074
8374859596.290676
8285043042.889658
8249681220.681053
8380794626.352539
8375410486.777822
8302380151.98677
8307625712.33508
8276468041.559864
8336439274.382192
8363414561.089066
8353671426.367066
8309634760.342051
8382443105.468546
8288464586.830692
8203512055.884739
8361575742.925701
8194909580.778275
8306230826.1425495
8381960519.998186
8345273126.771973
8329512588.5264435
8252002362.480303
8343775980.743805
8303498585.058744
8198487001.480604
8378072874.008247
8347877402.184135
8309469012.184336
8348898055.009509
8313888952.465316
8349777772.527004
8247410948.6152315
8086291814.614147
8085650254.578366
8381954134.752268
8288606925.295259
8156688130.693297
8186281122.297075
8154933042.124557
8338167947.393272
8276974899.899467
8348528510.250227
8328878167.950939
8244327135.860914
8356558492.13416
8374614476.35241
8210623378.979061
8361129847.8181
8380033839.180679
8296969839.354967
8315728758.717548
8341677266.149757
8345945311.581379
8299244386.599765
8375729161.30447
8296525103.480449
8365880396.765529
8307388947.694851
8332776204.335268
8336882846.184311
8346179746.744057
8366315569.6031475
8256061030.75535
8313490229.734551
8345121917.71245
8309207434.355522
8333935313.108888
8283761101.403286
8340797953.750792
8330862927.252319
8189080622.330241
8292113306.897352
8321690167.838911
8297348634.666531
8331419937.912181
8305017348.457319
8374502339.017296
8360759632.689478
8350068813.136432
8333045196.9587345
8362815218.2639265
8296220880.484052
8257360650.689182
8305997213.784085
8300741941.384776
8281104566.90921
8329998512.376427
8136305680.826508
8325853636.597132
8255501852.677469
8261006834.871636
8331193780.513546
8382859253.50091
8365642672.559206
8321869116.26262
8300546477.887571
8335254912.979174
8291796911.062084
8384071942.655446
8332991277.387005
8291475122.280021
8413296035.153271
8365328397.40245
8334884563.432936
8264375462.477404
8358282584.170686
8351453153.170902
8285529234.952557
8337739147.317476
8249164839.46891
8353544604.702417
8361913804.299616
8336744571.426193
8390507208.993393
8172100005.390004
8307259513.069941
8385319552.580723
8359883712.042203
8322933915.383242
8336284097.671115
8351954272.0751
8299017789.448889
8338861099.461667
8373020017.12274
8368676168.248034
8321435320.706629
8369886354.571297
8284978068.14958
8350489168.633565
8292105123.179085
8353617730.164387
8328393298.263248
8241936294.049446
8321180293.843205
8334281251.623735
8377183996.96052
8237724730.169902
8345482296.732771
8358950057.328665
8359829786.687473
8315274808.492055
8358105410.571154
8376073800.029644
8210131674.568008
8284234511.349815
8353075038.745523
8379019478.362068
8239080112.888412
8365568818.572582
8374592957.393045
8208914651.6367855
8351286725.082958
8347693364.415873
8265619435.478931
8371435117.100805
8384669672.270863
8331483650.730113
8322046229.801946
8304315604.464514
8281090941.462561
8313795474.821379
8190676089.5519085
8282497375.033442
8325733518.8526745
8235642390.527229
8348826681.721357
8377651804.835954
8251948787.675061
8300526808.955738
8297585710.305625
8283168611.098863
8324817278.062191
8326903855.795221
8311821177.071192
8149217200.325283
8346526847.179049
8336116292.951943
8222329648.598148
8348944626.734712
8199878310.711103
8030101493.895963
8280421236.42194
8306330781.26172
8365201345.876584
8360475480.032911
8336349153.920105
8227653688.038033
8332608030.437181
8337643867.290237
8315447729.296377
8327936859.041987
8345406003.0252695
8322555870.188414
8340349863.353481
8217308034.3081665
8196250924.748011
8296318373.278374
8342591737.954695
8319750276.942472
8140487530.85605
8300262997.153837
8378700380.142725
8348975177.262701
8346588504.41422
8305114280.265772
8346347527.76853
8337713259.01827
8367406427.438458
8331876843.162642
8219903660.873323
8317947056.923261
8289078819.175858
8343696287.576153
8376106119.556309
8200169324.669907
8331515552.813301
8327268902.5682535
8315088087.960307
8313023965.836121
8286752474.965195
8358306279.081587
8172602989.4923
8226518132.1290455
8323599864.630348
8330473213.37236
8326824338.410512
8305538894.151794
8336835060.286575
8346674459.800495
8353575260.015219
8167038171.3198185
8374118458.6973095
8364811363.392357
8220101352.64757
8252360868.128995
8314424110.369162
8372811963.503641
8346381343.456148
8275076207.168817
8247827509.674213
8293063431.6084175
8346085157.209881
8375286951.800921
8218433448.100708
8316735870.583233
8372293429.266832
8422726588.726703
8190556661.272877
8364215913.704927
8347549757.0099125
8252009395.15785
8331698203.515881
8270757299.440304
8344915355.984411
8317893096.962454
8377595750.077083
8361649169.686573
8300896211.693665
8242437640.764929
8344204557.940933
8255316197.125285
8385008525.2103615
8301484085.555075
8358077596.043385
8323700235.332735
8378121070.853402
8369210768.189633
8370101410.605188
8317511554.947336
8387565175.4084015
8086522242.0267725
8353926731.995672
8330720332.782425
8373147721.521383
8361263530.170897
8321292790.597043
8346024951.566425
8346261735.955527
8330113588.100485
8350521163.068468
8239803223.587637
8255566071.000841
8365944389.574146
8285720955.996752
8284130590.412328
8348969225.165656
8368912110.231377
8285706964.190598
8310002470.349419
8204463883.593126
8343978795.30073
8322374087.919128
8352041020.303542
8369167346.511839
8380472057.590229
8380371403.026281
8361506972.813775
8355858606.386162
8346928065.41031
8125135194.716227
8239945557.0523205
8088830762.6709175
8361245085.002512
8405009790.304728
8213727197.311076
8317586055.707325
8310653560.671292
8259876324.499628
8313054940.425684
8320505710.020853
8350944565.232786
8360527174.021025
8336991654.0392475
8405208391.340561
8293826781.30196
8244572668.228924
8257620342.212688
8280046202.291687
8380158282.765635
8259417746.814792
8299059434.863312
8324923471.99921
8342291768.5273285
8329680075.650562
8307917515.881117
8327949145.384077
8008640519.598116
8330181190.82329
8326429342.497242
8341584155.011212
8309964078.720741
8366679734.2497225
8332818632.934967
8103650351.380456
8343858426.134695
8279261634.364891
8333075716.995706
8350529150.10326
8253730740.809
8342456722.137009
8338413173.71484
8359264114.019413
8259667464.329689
8013144023.826991
8361887779.017727
8350875550.189858
8308661354.737224
8354451807.737864
8199266146.353693
8318311930.502836
8236862830.410935
8346768515.577677
8348276820.082613
8357760347.344765
8368082145.303411
8271598195.832851
8327432461.944538
8272540676.819084
8165676322.518652
8353486352.61957
8269861086.051583
8345410124.521279
8365337435.064526
8251372788.895197
8374403387.773642
8367848500.832405
8386899933.641231
8383051095.355901
8349466513.27317
8302711410.120566
8331652377.060988
8312140531.604994
8351996959.4169235
8273205805.237326
8301923278.927261
8344669576.197497
8330808113.797007
8354694279.755244
8292157247.501644
8309554567.990364
8392724238.788599
8271820957.910312
8343109231.39947
8225438359.073034
8346710029.493858
8197291132.538744
8257263188.994183
8317549751.33192
8280281818.801996
8320191630.62731
8314205636.767975
8355402257.488304
8349386619.859877
8321948294.501495
8355166751.093283
8335700788.054405
8346562408.874868
8290896282.660063
8279793189.686007
8271704671.747854
8313845559.2943325
8339084684.423929
8323418528.259493
8253612447.683702
8124851885.392997
8290165400.976976
8300587662.215488
8291148411.062608
8248561001.280302
8331605827.891039
8295369259.928498
8318315719.522604
8221355535.597034
8247443122.243581
8365130676.580639
8336400228.0560665
8238106147.333418
8336883943.8708
8360246922.056331
8301955870.521923
8313797324.280783
8366179560.622028
8166224948.135917
8296933705.528024
8312052794.768968
8355143673.422102
8325843283.051923
8294559186.606589
8351095227.728291
8323820834.632937
8328631880.715539
8141806104.766428
8358040717.421469
8362015365.47518
8280134168.738276
8315512769.339693
8355490981.1648855
8330888727.955471
8318411968.431368
8264130042.517599
8288732037.942331
8260599824.856091
8283828932.082922
8339477591.336116
8341330967.565362
8225448263.304831
8229838591.906813
8188383490.730655
8330180412.688828
8338367129.785183
8357118119.463721
8374413847.984872
8320817268.413374
8347112446.999689
8348275805.538221
8299725975.8277645
8322110371.765099
8363393805.842072
8212252563.518478
8381855528.028404
8350537939.472218
8337497925.403868
8318307725.172558
8358987150.742046
8380920680.84535
8361359307.755877
8375677790.640324
8384970982.144391
8319584677.890631
8323024718.381443
8135284905.827532
8307641499.1762295
8266527408.30205
8342830429.264463
8314080139.458418
8319556552.587659
8293734546.152861
8230461469.948364
8321074334.042479
8356913902.095414
8336758512.266365
8344793795.968781
8205646094.042473
8390117626.228407
8318784275.021189
8276259107.272852
8248585231.903318
8273612389.625852
8347585613.0621605
8299711899.423788
8353226435.653367
8281445150.039169
8355120413.05629
8329693989.143753
8274734464.951388
8338796278.4746
8272381471.314039
8331139786.309074
8369829701.593346
8304517483.17321
8320852444.375383
8088345776.550605
8305428575.77367
8368965275.389293
8344559883.275536
8298842296.506178
8379183549.738054
8312670277.7692585
8360038375.33489
8256474138.579103
8351399864.0143795
8300359895.860369
8350119908.401167
8374371957.45177
8300346242.724125
8331435065.656614
8333756277.058537
8266227405.08082
8196546062.638468
8320017825.942688
8383846682.326567
8348731050.183856
8168772907.597685
8206258196.144391
8212660635.987735
8214943032.87881
8318317609.753311
8356356811.032639
8336087854.337792
8206545926.871976
8310413346.926267
8284591212.537541
8222864510.790815
8292625054.55759
8331353838.395487
8308889102.058972
8288629050.190791
8266313540.823578
8365620207.609157
8384341582.079803
8274790198.570741
8387477680.121758
8339149466.743804
8237036299.743322
8364283542.536989
8277849982.053754
8280582049.609106
8283409275.764129
8380035085.948444
8347328201.4549675
8288071955.9570675
8343363902.653306
8343454344.268862
8357268848.40128
8125528546.331223
8320876076.055914
8294533086.725946
8302432814.784082
8346471573.660183
8326558195.968914
8328250281.856773
8212102070.597163
8324101306.138027
8291948344.412045
8216405326.957628
8319677449.19464
8255497536.068378
8350294339.973092
8382764952.900873
8280329819.091749
8314386506.5442705
8344635307.568119
8239298098.450644
8227912069.35944
8313126833.073641
8352730028.591661
8300678491.800718
8284070454.2532215
8371059277.53701
8357005346.6224
8298762280.727763
8313907402.747131
8356138751.348804
8378934054.847937
8414325013.71699
8206980698.249388
8319848834.954304
8327342300.284241
8310845132.639765
8316517335.1078415
8329872691.530079
8375860518.156458
8363343396.269671
8386875070.04339
8290503482.835507
8298160131.967102
8344895767.965111
8390682633.254977
8367766678.139179
8360895440.255238
8289577232.775737
8380759810.63998
8394904614.649715
8288986625.902167
8277874566.3652935
8207383629.90472
8277222164.040549
8326773988.149849
8343111965.74755
8312986770.510183
8354953053.913807
8379183141.268354
8287523867.3797655
8348807220.294552
8338226400.6081085
8116267802.923395
8356082708.941529
8198573015.092363
8338776396.873167
8284465778.825021
8344329870.614959
