8325611230.510579
8350283151.839556
8344691306.88072
8343569468.110557
8331768738.004929
8341916733.050287
8346827171.609347
8324501040.358606
8311016684.791576
8385310696.376501
8309062294.053209
8372977800.265099
8147648114.530857
8351163358.84667
8355546092.343134
8261884726.659837
8212897801.797773
8375410486.777822
8382443105.468546
8309469012.184336
8349777772.527004
8085650254.578366
8244327135.860914
8356558492.13416
8296969839.354967
8315728758.717548
8296525103.480449
8332776204.335268
8382859253.50091
8336744571.426193
8385319552.580723
8351954272.0751
8350489168.633565
8328393298.263248
8304315604.464514
8281090941.462561
8311821177.071192
8300262997.153837
8367406427.438458
8343696287.576153
8346674459.800495
8346085157.209881
8218433448.100708
8364215913.704927
8358077596.043385
8321292790.597043
8346261735.955527
8352041020.303542
8342291768.5273285
8279261634.364891
8318311930.502836
8327432461.944538
8165676322.518652
8386899933.641231
8351996959.4169235
8355166751.093283
8335700788.054405
8346562408.874868
8336883943.8708
8351095227.728291
8358040717.421469
8355490981.1648855
8330888727.955471
8283828932.082922
8225448263.304831
8318307725.172558
8314080139.458418
8293734546.152861
8355120413.05629
8368965275.389293
8300346242.724125
8196546062.638468
8168772907.597685
8308889102.058972
8280582049.609106
8320876076.055914
8414325013.71699
