8344802301.269807
8282989653.950483
8318827514.634583
8324264270.473558
8191295015.471682
8329118674.070553
8359294591.08344
8378053802.53419
8362585304.010193
8287972756.341075
8264606430.175211
8369659012.373885
8322252065.333853
8271634054.963397
8254761686.433407
8257069743.855753
8113656424.409191
8215773351.732681
8355092421.117865
8357126626.316608
8278637266.262293
8349621302.313116
8243472503.412771
8385743455.226531
8242857756.974285
8169774905.99955
8320091688.012644
8353145938.939847
8354351931.34741
8293587925.41588
8084586234.812831
8157569087.69243
8274476634.500556
8313374125.810217
8301023547.009091
7992891548.518742
8114419936.9328575
8338029393.576935
8100939503.293228
8303699731.250113
8303259815.486399
8289354419.399297
8245701861.217737
8288911332.756375
8338194656.972693
8283639563.908041
8372120963.908396
8312576394.10394
8356910628.033403
8352256362.621019
8141488337.331102
8251092636.44158
8300856312.828899
8389528064.395231
8301445772.568453
8341611480.416685
8334185141.039711
8216108605.184864
8274091744.58252
8282451980.541189
8262419907.800432
8193124539.635373
8336743180.157752
8298754087.592049
8227884458.721453
8371946779.235199
8277447734.746995
8251830739.470547
8267556484.64175
8293379693.253473
8204333410.395227
8242522055.130922
8348402131.800507
8217124269.753843
8294279171.5868225
8323424724.08787
8312403405.573317
8406224003.203187
8386615986.680008
8366621477.114532
8318834373.823076
8326617624.728552
8383445014.180421
8254449814.87506
8244401017.587585
8273365900.032984
8318367493.606237
8342189708.048277
8302035484.498547
8398622972.973053
8182849562.526791
8321027330.887981
8163268477.75515
8356160449.955347
8119661006.349009
8321129174.39584
8359674013.70607
8189011925.727022
8372653999.327817
8353452170.211302
8322649721.922343
8409374885.311485
8339923943.45682
8335716474.369235
8332612452.499912
8335881309.60891
8344959546.630581
8232648676.873179
8149903908.590597
8339740979.111886
8179746908.484159
8301650044.597621
8297057439.715303
8346819467.613287
8362465362.259811
8228040341.300515
8182689239.350612
8360838298.383787
8229835118.176363
8320140806.229295
8344336153.04525
8353420964.711451
8334385240.277853
8298668779.463146
8232395850.286613
8312878484.184315
8325936153.371775
8337862420.871761
8288064432.584993
8300167986.109738
8238824149.715942
8315323640.393045
8354173847.41315
8348083590.140343
8360387919.042368
8346045772.799801
8346466766.4727545
8173344287.129951
8248667004.72213
8354838442.826012
8177338256.756103
8352021824.451326
8283511779.087272
8337200545.641314
8344547957.617716
8366454212.036844
8162581240.2067375
8347221177.33025
8242848457.16918
8230378066.971134
8324169137.002396
8309001443.115381
8286667582.281637
8348255287.994688
8374912160.512166
8293944206.513441
8357818109.437273
8257946722.008563
8113037427.720058
8287542202.940868
8085058498.551714
8314629383.418754
8330948397.792549
8295276523.730874
8317144110.6573
8373588259.225192
8333239338.396468
8344265563.522747
8314385976.914915
8235961221.36473
8369831767.541536
8363964317.057058
8281264043.084244
8328367129.257471
8202787772.973193
8283058140.5103035
8342270367.145397
8148107692.437207
8264978890.0121765
8376688529.404816
8275772515.3911915
8288935609.101433
8198875364.740351
8268049648.479683
8220135134.204357
8268362550.856409
8239162490.5377865
8350013862.006193
8146668067.678658
8294642399.969098
8322071300.532326
8336894706.262768
8347996785.525506
8285329249.418779
8243324067.069168
8257115814.649472
8322213104.432601
8319666601.583002
8361729237.419739
8334856599.330278
8307353449.727512
8260325421.69455
8176551433.002782
8347776415.25836
8305301942.8015
8337804944.343655
8321063199.817577
8373236512.695232
8164686481.886324
8353477072.197348
8357893955.475105
8345824992.492268
8315714514.663098
8087609862.761744
8355227127.6522
8337137890.528816
8262329139.247374
8265753294.635153
8226408253.996662
8350614227.474794
8340934401.137035
8331926103.243021
8381410828.412023
8258450120.790926
8346701693.59541
8257482391.116259
8251790433.960403
8137783840.462601
8255377059.607363
8347253681.208679
8082794885.139608
8353831166.834957
8281694896.106417
8174103953.875952
8356780508.728756
8378905783.894817
8333597532.172165
8339245903.925359
8232257064.539184
8354602817.824479
8329086833.194289
8119380045.439847
8203869233.730932
8267621365.804735
8326413319.993908
8377511225.443581
8329084237.804802
8335461502.335047
8374577879.283654
8274979012.820013
8369931707.325894
8343478515.72731
8223224051.728308
8195658515.115236
8229144032.603058
8343127828.279227
8362331190.723909
8370759694.811399
8383140436.258793
8347964211.128713
8306635304.125706
8193671815.300992
8354717303.143498
8357043065.251358
8355857101.259887
8191576015.083926
8267260280.867781
8264345979.455618
8191199394.806889
8317359882.985043
8174902526.011967
8365735622.589369
8251291248.4784155
8252684664.580336
8325419255.499014
8224004119.854153
8339957948.095392
8357619389.002596
8239955970.690332
8204271284.423479
8280383803.337172
8257002639.530931
8136874821.765362
8369131326.694928
8321504382.453238
8365239020.495497
8294011497.710808
8276621210.0337105
8248088901.68391
8197762909.520111
8074069515.760324
8339807300.197248
7980185869.496204
8364577692.470123
8139431862.73348
8284700934.508303
8263731534.996286
8358235523.012888
8340748464.055352
8281187669.621603
8199085934.798459
8323201722.8468685
8284419766.93173
8363882283.028481
8325374335.29555
8339448787.452789
8179171585.310099
8275532536.881461
8176824088.233223
8245744022.577401
8366411468.11771
8243499791.950071
8383821006.17634
8258745467.8157625
8361987981.734722
8300030757.987916
8188371960.0731125
8303659757.882603
8142877093.877641
8309232032.366621
8362447436.017052
8268629407.402203
8167210582.227392
8288305864.601698
8358512270.481092
8195393387.097461
8348088899.157734
8394214232.901112
8363062775.77362
8302750678.895829
8198180190.549386
8309885625.545025
8300309162.719028
8199844705.537131
8272701451.30048
8325896516.819742
8339039949.679146
8221605952.956587
8302883715.36796
8340087990.147371
8336032720.193151
8388335230.8286495
8291537595.313776
8332755224.90489
8204835152.749268
8381109137.3033695
8266474409.637756
8196870057.131011
8132882505.461693
8357491412.537434
8349855609.837315
8297029200.642535
8255028247.327024
8107903214.30957
8302564949.4315605
8359506025.99585
8355056372.38961
7994486488.56538
8202431349.129433
8325722517.490652
8337318957.135641
8340826860.1445465
8353096666.013596
8328418896.347193
8286496318.516939
8283239177.59014
8329481611.0671215
8350942910.18099
8319227443.427191
8147821884.303791
8252422530.131915
8107723567.557348
8168508911.690284
8342411623.681861
8322044167.265146
8356209697.783739
8301235217.23711
8255774687.403927
8356120152.539465
8373926950.435391
8260232459.586409
7808442488.201933
8301872313.472908
8051591945.859477
8338360449.605289
8362382892.784822
8380063873.702154
8326794987.594446
8377884972.546251
8253265505.577183
8368213469.840559
8236988495.703114
8261201685.665924
8271754060.216613
8343407973.02688
8365471552.430557
8291819099.615866
8365743679.093701
8259151748.560402
8362788198.881224
8337081433.124702
8317715789.985008
8177489654.373778
8295526723.754297
8309945920.309771
8251983899.751656
8290059851.725964
8329559706.317408
8349521461.7497635
8313053302.411491
8106387320.121357
8093437848.165979
8224729985.92326
8354651884.034742
8322748151.917688
8290242731.375401
8263575996.853056
8324708798.784
8248040177.346048
8196872378.000821
8327793526.433552
8359285453.612713
8348577094.081224
8339212039.707014
8173985560.459795
8075513534.586836
8358855594.011057
8277220352.346912
8271079067.338318
8268906477.980848
8382499582.281575
8319181016.370759
8324494949.151849
8280972970.968127
8367130522.810812
7880151208.796442
8284286266.0330715
8331666066.84343
8230475911.654827
8342019867.907166
8274663124.606173
8189578530.922962
8337420060.18859
8337156300.271231
8310443063.3199415
8194291930.710646
8254143747.119003
8263700340.916195
8126352992.575646
8254011602.4124365
7998300978.850292
8281317423.012165
8336512355.985732
8336433803.298365
8366808932.678152
8294923201.68368
8311921269.425617
8329610581.042699
8249369994.009596
8231293309.689638
8269254454.271357
8346688667.83024
8353599825.435385
8355398530.064476
8300097848.444924
8361832611.817556
8353320802.972454
8309928010.938172
8344580470.592918
8104796839.8057575
8391002328.35387
8346437459.968003
8360085138.459227
8293119677.830084
8314678221.649536
8197015486.739399
8377176710.688087
8346141674.984515
8334233209.111536
8359085746.062956
8119354811.580637
8318826222.462893
8335322092.999853
8324009706.167286
8092013644.100386
8296181502.174999
8273312976.911751
8349889111.382317
8373287764.426877
8336610466.039122
8262927396.811819
8309436912.526375
8373236203.022425
8364067360.563432
8340876599.147362
8257362780.141235
8356019129.932791
8318064632.226093
8238056485.154744
8232747302.369224
8248742901.515078
8347535226.388071
8083975058.9373045
8311372666.015947
8333367966.300055
8181072188.4303255
8251288092.6922655
8317704978.885724
8042819573.464105
8269446530.099775
8196179396.8904915
8071469494.644266
8387519896.927532
8381918592.729353
8269021827.301651
8293749498.71297
8353160264.784779
8264767169.488882
8347035314.2308445
8345369626.228627
8345662800.057751
8262618885.36638
8352540738.742283
8369289969.520952
8140109915.433086
8319107902.693283
8313202832.056238
8363131539.999305
8348541974.597309
8168749771.720119
7912731011.517709
8357861478.7097225
8229802706.7993965
8262904499.862291
8240934700.473314
8344289560.068822
8222970072.522741
8140695507.69607
8316582767.037878
8216984360.386169
8336561817.547806
8296929488.543653
8329827600.987118
8202335133.513311
7764146813.646387
8264786365.980358
8129942899.75474
8370516953.9325075
8350927390.915401
8086168169.81395
8324231166.803604
8329167152.514109
8330593999.299497
8287091599.65418
8204452498.9152355
8377362145.131135
8295870534.076905
8380368520.344624
8298284344.358458
8192472520.451347
8315988641.8824215
8322498808.2311535
8368796742.69524
8316227786.300571
8207019844.938206
8326969066.128514
8181688323.311636
8219898592.390688
8335503436.748151
8322663686.57285
8225181826.900507
8302798468.43956
8328381099.307138
8413477683.679886
8361969815.306999
8301337238.126541
8274265260.743416
8332772960.155418
8346552893.600172
8268592895.219475
8041366638.038322
8339267051.790644
8224102862.889742
8337157152.348795
8341174704.314434
8330565775.160708
8328687291.519682
8315225931.554354
8276559245.863327
8283784160.906664
8337955484.397554
8365557419.850241
8242567512.89954
8317829894.997548
8222496351.776222
8324705073.126642
8181999413.249293
8364111560.066526
8059962250.236562
8334371191.680313
8354677338.002882
8263620948.878767
8212014459.852313
8189488946.29315
8294442082.678476
8099566734.414471
8259298687.37522
8350800935.886183
8319191118.932003
8268149301.030789
8101267234.522593
8317920393.148428
8347571054.527391
8305519212.374386
8345131014.016805
8386585613.76207
8330838234.717089
8261718339.809683
8246842435.795497
8327188221.721838
8354568705.116835
8357146710.082516
8117228209.440211
8329032035.123955
8324732250.112463
8344087196.923662
8242199460.394276
8287257692.802618
8233198767.822256
8177396039.164709
8323124526.874314
8314700158.461856
8151944367.276066
8228947722.724987
8327818724.826712
8375944120.800381
8350089584.472883
8241392422.113756
8256117551.647005
8329001659.678112
8379144399.291191
8378780070.829934
8047313605.776343
8248513679.5295925
8332272674.722828
8281612776.55933
8336957903.441975
8322744490.747965
8131870445.831491
8349268511.596465
8075773029.752442
8238072848.70689
8333272945.182325
8358532137.2062645
8208247451.962391
8222980057.623983
8328138621.738974
8240134622.841736
8341899338.075636
8300565137.867539
8341334810.732599
8158526792.828287
8258742980.966508
8268701209.002247
8351564250.901161
8331698902.450126
8171272001.107463
8378314840.939438
8139978571.934203
8348701858.319424
8226684893.334152
8145080528.737404
8292783486.984877
8254520173.430059
8346434915.774981
8325867954.091194
8301663697.006364
8063567029.201941
8098523610.275053
8334161497.360098
8291899922.8325815
8293127590.329153
8319308971.468173
8223205482.906782
8309346433.302111
8328473572.256493
8342970795.587414
8378340310.617167
8310213637.446746
8338675148.689089
8329142987.519022
8221058019.193203
8331205381.192118
8324746597.545713
8351277515.427456
8158646956.581389
8234224821.599104
8322178925.940451
8324943608.564169
8279611013.112408
8292289188.479235
8238037809.141893
8077405465.985251
8091014287.875738
8164319732.189355
8248054141.047107
8350209700.065136
8199424559.516939
8178425938.3233795
8378076135.243704
8338769400.979418
8059540293.808245
8288322467.384334
8220953689.413846
8353386598.252602
8053627994.033674
8349307431.377891
8270622637.299972
8300530343.113077
8342954686.657769
8163345524.696651
8270864576.718841
8400341688.1244545
8370464665.454191
8182398875.293082
8347465089.321022
8318141152.020782
8212351328.280706
8233608436.231355
8267450967.011103
8392680019.151257
8238028642.859119
8161695275.9254465
8361842544.184796
8258556875.538524
8336055188.079693
8329960330.357194
8245954978.77779
7956604177.183929
8368068866.27547
8210577790.646938
8334781770.656166
8286521683.853793
8171170094.823137
8381905790.64165
8326965165.180552
8290080311.886574
8083026620.179409
8233919751.209544
8321009909.120854
8338700368.367172
8298779901.597411
8153405736.1680765
8248063978.163497
8307844645.487335
8361618552.424731
8179790196.79442
8327010599.080543
8323494651.730236
8332098471.522806
8260158579.336288
8324442178.302541
8288934261.750053
8168651280.615417
8325225385.167177
8255216694.1097
8286613905.999696
8038915583.861568
8254510257.030334
8297053683.544453
8265525544.62042
8151619465.68364
8335253832.742371
8192298383.826612
8303004714.583094
8329261422.727249
8361293276.073431
8344341142.458288
8216170841.175826
8343941882.789045
8350224523.393688
8176290788.733177
8037675144.176315
8285486491.220721
8260621210.335124
8162246925.705935
8288977220.095299
8376069343.009311
8349066941.918639
8235184316.4410925
8361620439.738389
8334050861.335052
8330591226.576963
8363506225.072445
8357241549.709753
8111272928.405146
8339383563.410638
8342080450.676442
8154743240.532977
8205787260.925045
8345619522.756403
8285645011.887218
8169769904.717051
8263883387.029444
8346668573.185097
8280320101.068832
8226752112.002665
8264155815.157914
8278804061.2572155
8305860399.602745
8185345747.602899
8307999011.917677
8311182566.647769
8234208538.681864
8290798205.545685
8300242936.50255
8309222556.816393
8342445350.739857
8307392989.260796
8341555256.604132
8199432381.304316
8159818605.335144
8362742413.568818
8360975629.209885
8376071354.892135
8296744864.214969
8342412099.195944
8355739296.347057
8252708929.469236
8325323428.106862
8260113606.823249
8296733287.95631
8299756272.590336
8139027296.673771
8347643623.487787
8175436175.930172
8308201964.815956
8349690443.33305
8205013001.177971
8304038475.329699
8196879761.966553
8325103021.594393
8322735680.00076
8311202573.98864
8287511055.1843815
8137287165.101776
8236011689.551148
8296596873.240683
8260926010.453628
8300155069.691174
8241468480.659594
8289912744.722561
8383172602.276199
8105098108.276089
8213653533.845966
8252194131.401976
8253522474.038927
8133731606.430876
8305799635.229979
8216951392.935179
8119552535.114733
8377990704.643202
8366918370.421133
8239967184.297405
8362046285.861641
8324533121.94486
8335323545.530537
8318318277.233363
8331373969.774805
8310356076.783816
8222825286.872316
8302114890.994297
8272436476.032991
8372536842.680458
8298957838.40723
8309527167.675636
8044976438.50335
8153822758.997872
8363102125.714118
8280117070.588881
8180243952.414431
8285606823.545148
8269119233.308792
8342259361.427846
8335713966.402252
8215229981.916023
8096320511.942564
8292130034.924352
8280113669.890686
8239560395.848728
8346504261.154175
8312212884.089275
8291187245.871519
8334110009.069777
8350411393.68879
8356541832.01049
8358146849.626741
8319292886.679575
8369998920.992143
8285590666.137926
8323253573.116518
8349756694.838275
8362691090.000393
8304381246.180424
8122038446.746838
8306560808.775459
8363942667.9055805
8373015181.991644
8357122227.727457
8215973564.702066
8289057284.466698
8362297840.942513
8319830564.058184
7923877203.418172
8346249545.010887
8250702550.373752
8129159873.357151
8366709538.577087
8339173807.927696
8354569002.741627
8308991823.878531
8368069935.07062
8347745576.909927
8377861986.3233
8105377100.0438595
8298036476.871457
8268752089.200481
8200344734.995258
8270287283.88149
8329005265.877848
8363438049.037703
8215545688.826082
8373721165.752119
8300399249.218771
8319069311.979801
8269115313.430314
8232701829.537506
8325710579.235698
8281303913.840731
8156771450.069904
8101992273.660978
8170291972.743507
8317951800.939113
8332915109.514421
8319924025.575957
8348150974.847155
8355728089.63187
8240051681.346428
8357625856.235931
8368416562.761684
8327997926.859686
8283537692.752929
8133091460.751975
8284539020.902092
8253832375.748244
8318365533.835913
8310680697.871902
8236629882.063059
8190987989.952815
8253056440.642786
8260881634.873669
8121097881.125743
8260452338.2906
8282177055.196075
8374307284.8676405
8224048717.9795065
8206297841.530618
8070669353.288008
8371254993.92528
8273305915.894513
8211529647.51034
8299188331.924108
8395597702.513893
8304371253.00032
8286707797.083908
8071571580.916395
8185671704.232007
8357135140.4198475
8290946098.790832
8356935798.043658
8367550913.272781
8317935687.376855
8371863630.257341
8329400921.559402
8150891788.627801
8330921941.597966
8189392969.389221
8362138669.757082
8392378406.139906
8288573871.817197
8315444553.288685
8347654703.969883
8264442070.819315
8349601714.746977
8347637193.300886
8377386070.169242
8263081881.070408
8136191397.965445
8346894379.239058
8294256261.414824
8336569461.544983
8236855177.966655
8161686249.414434
8208966429.933765
8330048387.555504
8302699504.784729
8340649121.268984
8338628482.799286
8341063444.734396
8341340478.990589
8307563579.788336
8290593848.141857
8215924343.825733
8289600033.869106
8238506385.039719
8321491465.7881775
8355835969.146936
8266193845.348653
8324666784.698881
8270253035.957805
8352029204.474027
8129013419.04443
8325230583.929827
8366336573.299945
8368233673.896908
8347628974.539481
8237572712.305925
8405591865.735525
8144129581.203468
8339154553.81371
8305512126.701031
8371405477.488495
8293625889.928925
8280831548.387487
8280019915.289772
8388512505.68162
8328227494.551155
8345979724.802195
8367031338.648487
8265038894.731796
8315537479.6406
8158518944.376587
8316509314.866408
8360498190.731771
8229943557.618065
8268412424.527121
8226619253.519362
8278314217.99135
8344683088.935054
8338442080.294909
8191537292.723978
8354979084.487495
8177616577.201638
8242738646.65666
8338973808.914316
8126948028.5332985
8307988262.614242
8394353450.806636
8290191555.755621
8208692264.761035
8307426474.2086525
8311241061.013164
8361615113.32546
8329677222.448212
