8349187570.599963
8328799402.176288
8354144582.096098
8322038219.530804
8345578500.395697
8366871246.5602255
8364462041.681884
8319298780.208479
8369469909.176701
8340219210.663795
8287459368.369707
8336900254.034694
8359811545.90203
8371926281.5394535
8327682038.404362
8308651419.69824
8348669259.896765
8348934223.292685
8385859990.816269
8348454085.318792
8358662483.716574
8350438353.832481
8329542289.966448
8329825992.806519
8290821203.670086
8319887892.82848
8310263878.288273
8355262757.01362
