8304246692.572201
7666676361.074518
7973733069.648682
7918812221.472663
8300357656.737797
7937860986.767984
7894923487.974037
8012579805.327324
7125018306.478164
7927761585.06156
6528199210.705202
7779782082.77878
7461330437.3024025
8011071811.473785
8208540927.789892
6475893906.45898
8028509069.110781
8158588722.677746
7202564185.825438
8289786354.786377
7850673912.931429
8207590773.437247
7711640006.825555
7862923839.49115
7376046054.94166
7812217583.972632
8263453591.52776
7988545169.156347
7942079497.067734
7585166884.537437
7741041906.813177
8288948028.689468
8178766955.807713
8215778509.670401
7508225302.157234
8277375064.997776
8236585088.413509
8028923759.324549
8252515969.04781
8089976698.2214365
7939761891.159851
7283267670.387281
8318505111.677999
8256338074.436653
8135582081.771275
7740320827.30582
8155629245.300917
7431822091.216902
8004153812.717306
8222563905.852926
8325025033.994827
8048941594.332156
8118619949.435904
8318798497.649627
6871784265.244343
8026713435.850832
7386484666.247316
7992887534.759621
7882329808.911381
8270672403.156845
7622901845.135389
7301971489.481998
7656930074.434432
8358912988.728695
7797454901.053315
7639203899.35321
8004419113.877981
7663851755.912968
7994689000.587059
7050319890.802065
7836515608.866123
6553203515.192117
8101352489.006761
7690828061.4654045
7803692132.560959
8002865190.587193
8068284458.937508
7717169451.060387
8351500285.906254
7856473908.541232
8220000509.569511
8333603523.488419
7959238728.523629
7676316441.231359
8363639390.111063
8239228870.682207
7181016046.236471
7314425794.019684
8102039930.403383
8314457010.052888
7220790608.85211
7591176417.957944
8136499538.547127
8259815321.570228
7353918081.884569
7693975842.217911
7948227330.35277
8336293877.296425
6411947302.969691
7826862860.27352
8045399997.379578
8011237477.635457
8200300591.757574
7764810492.315376
8229785555.513701
8177734999.106932
7872165762.332426
7927475685.7996645
6755728270.794191
8265321859.632025
7567121143.860531
8282830474.805981
8348277406.108898
8229602928.2491455
8172690323.269394
7719715205.609655
8298810638.364053
7937573842.266602
7769265706.945977
6654570185.78809
7823595928.915107
8311258757.252481
8009226877.182589
8321425969.629733
8257427406.733359
8334068845.706486
7859624387.672411
