8344520114.651163
8341263619.44145
8390127454.019277
8351157456.633604
8347723313.890261
8306318250.304075
8357369811.981407
8368993339.672318
8342101129.776417
8371721502.447792
8338152336.855658
8346192152.156832
8391141368.735798
8382924409.152809
8348882523.812646
8351619528.602798
8300611404.917049
8370788238.138684
8362118283.798277
8316375646.02009
8392467887.824699
8233321496.49658
8314391294.897782
8276916584.601532
8305024433.147525
8348451535.040634
8331160357.390752
8329713581.289398
8323209163.938683
8332266738.990608
8320471332.503072
8374898093.168547
8316580902.026615
8188933671.681103
8291351455.928356
8359981710.620156
8307077742.778542
8205263896.184968
8354407835.9410925
8298873248.688589
8340707760.713367
8327766138.405287
